/*--------------------------------*- C++ -*----------------------------------*\
  =========                 |
  \\      /  F ield         | OpenFOAM: The Open Source CFD Toolbox
   \\    /   O peration     | Website:  https://openfoam.org
    \\  /    A nd           | Version:  13
     \\/     M anipulation  |
\*---------------------------------------------------------------------------*/
FoamFile
{
    format      ascii;
    class       volScalarField;
    location    "0.0018";
    object      Cf;
}
// * * * * * * * * * * * * * * * * * * * * * * * * * * * * * * * * * * * * * //

dimensions      [];

internalField   uniform 0;

boundaryField
{
    inlet
    {
        type            calculated;
        value           uniform 0;
    }
    outlet
    {
        type            calculated;
        value           uniform 0;
    }
    bottom
    {
        type            calculated;
        value           nonuniform List<scalar> 
196
(
0.00301312
0.00316954
0.00295318
0.00244644
0.00204639
0.00169915
0.0015333
0.00143189
0.00137469
0.00134375
0.0013319
0.00134222
0.00136534
0.00139804
0.00140549
0.00142441
0.00144636
0.00143218
0.00145144
0.00144381
0.00144843
0.00146971
0.00146037
0.00144715
0.00144386
0.00144465
0.00143696
0.00143405
0.00143092
0.00142851
0.00143435
0.00142432
0.00142196
0.00142036
0.00141869
0.00141719
0.00142097
0.00141832
0.0014229
0.00142411
0.00142689
0.00142928
0.00143145
0.00143403
0.00143625
0.00143928
0.00144122
0.00144488
0.00144863
0.00145199
0.0014454
0.00142371
0.00136792
0.00127601
0.00119763
0.00115125
0.00112345
0.00110734
0.00109731
0.00109064
0.00108572
0.00108184
0.00107864
0.00107605
0.00107374
0.00107182
0.0010702
0.00106889
0.00106769
0.00106669
0.0010658
0.00106507
0.00106439
0.00106386
0.00106334
0.00106246
0.00106121
0.00106
0.00105873
0.00105759
0.00105637
0.0010553
0.00105417
0.00105319
0.00105216
0.00105127
0.00105035
0.00104956
0.0010487
0.00104794
0.00104708
0.00104631
0.00104544
0.00104467
0.00104385
0.00104311
0.00104236
0.00104169
0.00104103
0.00104043
0.00103985
0.00103929
0.00103873
0.00103815
0.00103761
0.00103703
0.00103654
0.00103599
0.00103558
0.00103505
0.00103472
0.00103416
0.0010339
0.00103327
0.00103301
0.00103024
0.00102254
0.000970982
0.000724804
0.000273871
2.44641e-05
-0.00016602
-0.00028985
-0.000361484
-0.000348869
-0.00047537
-0.000618394
-0.000611507
-0.000486592
-0.000268591
-1.12243e-05
0.000169263
0.00044382
0.000784851
0.00115553
0.00154153
0.00187821
0.00225239
0.00254491
0.00283308
0.00311189
0.00337962
0.00358602
0.00375203
0.00390488
0.00404003
0.00414868
0.00423905
0.00431658
0.0043834
0.00442783
0.00445829
0.00448367
0.00450933
0.00453053
0.00454515
0.00455071
0.00455368
0.00455553
0.00455309
0.00454843
0.00453787
0.00452606
0.00451645
0.00451026
0.00450405
0.00449475
0.00448282
0.00447166
0.00446276
0.0044557
0.00444826
0.00444356
0.00443505
0.00442169
0.00440639
0.00438886
0.00437321
0.00436218
0.0043511
0.00433849
0.00432006
0.00429224
0.00425079
0.00419477
0.00412807
0.00405707
0.00398717
0.00392032
0.00385447
0.0037848
0.00370664
0.00361345
0.00350512
0.00338455
0.00319338
)
;
    }
    top
    {
        type            calculated;
        value           nonuniform List<scalar> 
190
(
0.00526669
0.00591217
0.00552818
0.00473708
0.0038644
0.00321672
0.00281517
0.00253705
0.00238495
0.00231082
0.00226626
0.00223549
0.00222543
0.00223245
0.00226797
0.00230151
0.00232554
0.00234484
0.00236106
0.00237383
0.00238197
0.00238612
0.002388
0.0023882
0.00238742
0.00238736
0.00238772
0.00238654
0.00238235
0.00237597
0.00236939
0.00236328
0.00235708
0.00234961
0.00234139
0.00233374
0.00232706
0.00232121
0.00231583
0.00230979
0.00230259
0.00229441
0.00228629
0.00227955
0.0022746
0.00227061
0.00226661
0.00226235
0.00225761
0.00225245
0.00224758
0.00224346
0.0022399
0.00223618
0.00223143
0.00222546
0.00221852
0.00221104
0.00220371
0.00219727
0.00219198
0.00218779
0.00218455
0.00218179
0.00217891
0.00217553
0.00217156
0.00216704
0.00216225
0.00215758
0.00215368
0.00215059
0.00214851
0.00214728
0.0021461
0.00214523
0.00214592
0.00218381
0.00215517
0.00217574
0.00216045
0.00220488
0.0022097
0.00217183
0.00217451
0.00222098
0.00223771
0.00219407
0.00222154
0.00228306
0.00228749
0.00223338
0.00222765
0.00230775
0.00227211
0.00224677
0.00231952
0.00232417
0.00234189
0.00231645
0.00227533
0.00233151
0.00231573
0.00235202
0.0023397
0.00237911
0.00233013
0.00230901
0.00236156
0.0028408
0.00272925
0.00243128
0.00223339
0.00210752
0.00201336
0.00198044
0.00195991
0.00189146
0.0017798
0.00162705
0.00148959
0.00139387
0.00133236
0.00128893
0.00125406
0.00122758
0.00120801
0.00118974
0.00117193
0.00116145
0.00115492
0.00114721
0.00113883
0.00113264
0.00112691
0.00112034
0.00111466
0.00110972
0.00110491
0.00110123
0.00110071
0.00110241
0.00110435
0.00110499
0.00110227
0.00109378
0.0010848
0.00108432
0.0010876
0.00109278
0.0010968
0.00109713
0.00109279
0.00108401
0.0010797
0.00108087
0.00108428
0.00108775
0.0010885
0.00108614
0.00108022
0.00107506
0.00107347
0.00107343
0.00107338
0.00107212
0.00106942
0.00106724
0.00106664
0.00106666
0.00106648
0.00106551
0.0010638
0.0010622
0.00106127
0.00106073
0.0010602
0.00105943
0.00105836
0.00105712
0.00105579
0.00105425
0.00105241
0.00105046
0.00104866
0.00104701
0.00104562
0.00104434
0.0010433
0.00104211
)
;
    }
    upstream
    {
        type            symmetryPlane;
    }
    defaultFaces
    {
        type            empty;
    }
}


// ************************************************************************* //
