/*--------------------------------*- C++ -*----------------------------------*\
  =========                 |
  \\      /  F ield         | OpenFOAM: The Open Source CFD Toolbox
   \\    /   O peration     | Website:  https://openfoam.org
    \\  /    A nd           | Version:  13
     \\/     M anipulation  |
\*---------------------------------------------------------------------------*/
FoamFile
{
    format      ascii;
    class       volVectorField;
    location    "0.0018";
    object      wallShearStress;
}
// * * * * * * * * * * * * * * * * * * * * * * * * * * * * * * * * * * * * * //

dimensions      [1 -1 -2 0 0 0 0];

internalField   uniform (0 0 0);

boundaryField
{
    inlet
    {
        type            calculated;
        value           uniform (0 0 0);
    }
    outlet
    {
        type            calculated;
        value           uniform (0 0 0);
    }
    bottom
    {
        type            calculated;
        value           nonuniform List<vector> 
196
(
(-211.384 0 -4.67868)
(-222.357 0 0.679995)
(-207.179 0 5.25068)
(-171.629 0 3.87076)
(-143.563 0 0.235212)
(-119.203 0 -2.35683)
(-107.568 -1.29376e-21 -2.58248)
(-100.453 -1.13566e-21 -2.86487)
(-96.4409 9.21177e-22 -2.91285)
(-94.2704 9.51634e-22 -2.72384)
(-93.4386 -9.93477e-23 -2.53894)
(-94.163 -5.07311e-22 -2.40766)
(-95.7844 -4.40216e-23 -2.29652)
(-98.079 5.0686e-22 -2.18716)
(-98.6011 -2.53112e-23 -2.07802)
(-99.9288 -1.66303e-22 -1.97279)
(-101.468 -1.1368e-22 -1.85883)
(-100.474 -4.85049e-22 -1.71264)
(-101.825 -1.36977e-22 -1.61158)
(-101.29 -3.84822e-23 -1.48646)
(-101.614 3.01582e-22 -1.38574)
(-103.107 -3.54928e-22 -1.31361)
(-102.451 3.60176e-23 -1.23251)
(-101.524 5.88809e-22 -1.14808)
(-101.293 -3.71466e-22 -1.07353)
(-101.349 -6.72902e-22 -1.00852)
(-100.809 -7.93701e-22 -0.948118)
(-100.605 1.35329e-22 -0.898154)
(-100.386 -3.75649e-22 -0.857437)
(-100.217 3.75589e-22 -0.824667)
(-100.626 9.02006e-22 -0.803345)
(-99.9225 -7.96598e-22 -0.775411)
(-99.757 8.79309e-23 -0.762663)
(-99.6449 -2.93668e-22 -0.755442)
(-99.5276 3.92331e-22 -0.750636)
(-99.4219 -2.70417e-23 -0.752506)
(-99.6873 -3.74718e-22 -0.755108)
(-99.5011 4.53746e-22 -0.737067)
(-99.8226 -6.66829e-22 -0.728959)
(-99.9074 -7.29205e-23 -0.720303)
(-100.103 4.40306e-22 -0.712164)
(-100.271 -5.9947e-24 -0.698572)
(-100.423 -4.64867e-22 -0.690756)
(-100.604 7.5135e-22 -0.682519)
(-100.76 -3.4419e-22 -0.683749)
(-100.972 -1.52222e-22 -0.67272)
(-101.108 5.47329e-23 -0.66388)
(-101.365 1.76208e-22 -0.659101)
(-101.628 2.19339e-22 -0.643471)
(-101.864 5.14076e-23 -0.612754)
(-101.401 -4.30981e-22 -0.568778)
(-99.8796 4.65375e-22 -0.438806)
(-95.9654 -5.21692e-23 -0.293635)
(-89.5179 -2.49751e-22 -0.263427)
(-84.019 4.68324e-22 -0.33007)
(-80.7651 3.08865e-22 -0.385434)
(-78.8153 -4.08752e-22 -0.386506)
(-77.6849 3.59996e-22 -0.370743)
(-76.9812 1.11679e-22 -0.357828)
(-76.5131 3.55546e-22 -0.348513)
(-76.168 1.96667e-22 -0.341562)
(-75.8961 -3.73141e-22 -0.336502)
(-75.6714 3.14492e-22 -0.331916)
(-75.4894 -1.05894e-22 -0.327453)
(-75.3273 -1.17772e-22 -0.32349)
(-75.1928 1.17369e-22 -0.319375)
(-75.0792 -6.53579e-23 -0.315481)
(-74.9875 5.66597e-23 -0.311571)
(-74.9031 -2.84264e-22 -0.308174)
(-74.8333 -1.10853e-22 -0.304669)
(-74.7709 -3.7225e-22 -0.301565)
(-74.7193 2.03192e-24 -0.298255)
(-74.6719 2.40129e-22 -0.295353)
(-74.6344 -7.8978e-23 -0.292005)
(-74.5984 -1.61635e-22 -0.289819)
(-74.536 -8.15307e-24 -0.28777)
(-74.4484 2.64972e-22 -0.285121)
(-74.3638 -2.8352e-22 -0.281553)
(-74.2747 -5.28521e-23 -0.27837)
(-74.1946 -9.99879e-23 -0.274796)
(-74.109 -6.91903e-23 -0.271751)
(-74.034 -5.04663e-23 -0.268202)
(-73.9549 4.36597e-23 -0.265331)
(-73.886 -9.61797e-23 -0.261946)
(-73.8135 3.05347e-23 -0.259238)
(-73.7516 1.64506e-22 -0.255953)
(-73.6869 -1.29796e-22 -0.253314)
(-73.6314 1.19231e-22 -0.25004)
(-73.5708 -8.32174e-23 -0.247433)
(-73.5175 -4.33237e-23 -0.244195)
(-73.4577 1.32562e-22 -0.241683)
(-73.4031 -8.74256e-24 -0.238485)
(-73.3426 -2.15633e-23 -0.235933)
(-73.2884 -1.4137e-22 -0.232691)
(-73.2305 1.82812e-22 -0.230257)
(-73.179 1.3308e-24 -0.227214)
(-73.1262 -1.13535e-23 -0.224975)
(-73.0792 4.97532e-23 -0.222116)
(-73.0326 -2.57127e-24 -0.219934)
(-72.9906 -8.38199e-23 -0.217205)
(-72.9501 -3.36295e-23 -0.215029)
(-72.9106 -8.41836e-23 -0.212397)
(-72.8715 5.45688e-23 -0.21023)
(-72.8309 1.25367e-22 -0.207545)
(-72.7928 -2.63227e-23 -0.205341)
(-72.7522 -9.27037e-23 -0.202751)
(-72.7182 -1.41058e-22 -0.200603)
(-72.6795 1.93698e-23 -0.198109)
(-72.6508 -1.58485e-22 -0.195946)
(-72.6135 1.91831e-23 -0.1935)
(-72.59 -6.12274e-23 -0.191371)
(-72.551 2.81834e-23 -0.189055)
(-72.5327 -1.41e-23 -0.187142)
(-72.4882 2.06533e-23 -0.184892)
(-72.4701 4.18049e-23 -0.185777)
(-72.2759 -2.04542e-22 -0.188705)
(-71.7354 0 -0.2392)
(-68.1187 0 -0.505014)
(-50.8482 0 -1.14479)
(-19.2133 0 0.268387)
(-1.71626 0 -0.0837778)
(11.6471 0 -0.433416)
(20.3343 0 -0.213059)
(25.3597 0 0.0539776)
(24.4747 0 0.546074)
(33.3493 0 0.0385134)
(43.3831 0 0.500608)
(42.8999 0 0.468961)
(34.1366 0 0.869085)
(18.8428 0 1.3094)
(0.787432 0 1.09847)
(-11.8745 0 0.830618)
(-31.136 0 1.27708)
(-55.0608 0 1.4844)
(-81.0654 0 1.78187)
(-108.145 0 1.27002)
(-131.765 0 0.739416)
(-158.015 0 1.17481)
(-178.537 0 1.10602)
(-198.753 0 1.16339)
(-218.313 0 1.03704)
(-237.095 0 0.748182)
(-251.576 0 0.315865)
(-263.222 0 0.0943134)
(-273.945 0 0.0344443)
(-283.426 0 -0.137013)
(-291.048 0 -0.334104)
(-297.388 0 -0.454399)
(-302.827 0 -0.514105)
(-307.515 0 -0.611734)
(-310.632 0 -0.717801)
(-312.769 0 -0.788466)
(-314.549 0 -0.827541)
(-316.35 0 -0.835086)
(-317.837 0 -0.870109)
(-318.862 0 -0.928825)
(-319.252 0 -0.974335)
(-319.461 0 -0.993631)
(-319.591 0 -0.993754)
(-319.42 0 -0.984206)
(-319.093 0 -0.995678)
(-318.352 0 -1.0098)
(-317.523 0 -1.02284)
(-316.849 0 -1.02839)
(-316.415 0 -1.02058)
(-315.979 0 -1.01194)
(-315.327 0 -1.02287)
(-314.49 0 -1.02165)
(-313.707 0 -1.01156)
(-313.082 0 -0.998756)
(-312.588 0 -0.983803)
(-312.065 0 -0.977503)
(-311.736 0 -0.972163)
(-311.138 0 -0.983236)
(-310.201 0 -0.999773)
(-309.128 0 -1.00595)
(-307.898 0 -0.998507)
(-306.8 0 -0.97648)
(-306.027 0 -0.96038)
(-305.249 0 -0.951314)
(-304.364 0 -0.952356)
(-303.072 0 -0.969799)
(-301.12 0 -1.00435)
(-298.212 0 -1.04782)
(-294.282 0 -1.08295)
(-289.603 0 -1.09642)
(-284.622 0 -1.08373)
(-279.718 0 -1.05783)
(-275.028 0 -1.03598)
(-270.408 0 -1.02388)
(-265.521 0 -1.028)
(-260.037 0 -1.0444)
(-253.499 0 -1.07211)
(-245.9 0 -1.09132)
(-237.441 0 -1.09812)
(-224.03 0 -1.05372)
)
;
    }
    top
    {
        type            calculated;
        value           nonuniform List<vector> 
190
(
(-369.482 -7.16069e-20 58.0106)
(-414.765 1.50546e-19 67.2173)
(-387.827 1.90205e-19 58.8839)
(-332.328 7.3536e-19 54.6833)
(-271.105 -1.66424e-18 51.5189)
(-225.667 -8.46193e-19 45.1563)
(-197.496 1.67253e-19 37.4504)
(-177.985 -3.1256e-19 32.9565)
(-167.315 -1.41094e-18 32.0976)
(-162.114 6.23899e-19 32.2303)
(-158.988 7.50921e-19 31.74)
(-156.829 -5.39286e-19 31.0337)
(-156.124 3.80628e-19 30.8122)
(-156.617 2.4983e-19 30.7741)
(-159.108 -8.09332e-19 31.0621)
(-161.461 -3.36047e-19 31.3406)
(-163.147 -8.5213e-19 31.5594)
(-164.501 9.02391e-19 31.7157)
(-165.639 8.65885e-19 31.8133)
(-166.535 -1.48202e-19 31.8557)
(-167.106 1.09031e-19 31.879)
(-167.397 4.81036e-19 31.8773)
(-167.529 -1.58203e-19 31.8591)
(-167.543 -7.11486e-19 31.8041)
(-167.488 -3.60419e-19 31.7424)
(-167.484 -8.47192e-20 31.6586)
(-167.509 3.74611e-19 31.5829)
(-167.427 -5.17647e-19 31.4972)
(-167.133 6.7906e-19 31.3799)
(-166.685 -9.03063e-20 31.2416)
(-166.224 -4.30492e-19 31.103)
(-165.795 -1.65494e-19 30.969)
(-165.36 -3.59096e-19 30.8325)
(-164.835 4.002e-20 30.6789)
(-164.259 -1.20223e-21 30.5207)
(-163.722 -1.77549e-19 30.3725)
(-163.254 1.43624e-19 30.2417)
(-162.843 -5.16063e-19 30.1279)
(-162.466 -3.69225e-20 30.023)
(-162.042 3.55914e-19 29.9111)
(-161.537 -1.2682e-19 29.7869)
(-160.963 -2.65175e-19 29.6475)
(-160.394 2.37433e-19 29.502)
(-159.92 -1.43246e-19 29.3692)
(-159.573 -3.98397e-19 29.2621)
(-159.293 3.51057e-19 29.1732)
(-159.013 5.3312e-19 29.092)
(-158.714 -4.90863e-19 29.0153)
(-158.382 -1.07223e-19 28.9369)
(-158.02 2.13327e-19 28.8528)
(-157.678 -3.65839e-19 28.7709)
(-157.389 -1.39676e-19 28.6968)
(-157.139 -2.65792e-19 28.6273)
(-156.878 1.11138e-19 28.5546)
(-156.545 -5.99292e-21 28.4701)
(-156.126 2.58162e-20 28.3735)
(-155.639 -2.01432e-19 28.27)
(-155.114 2.4396e-19 28.1643)
(-154.6 4.35751e-19 28.0632)
(-154.148 2.61132e-19 27.9737)
(-153.777 -3.57342e-19 27.8974)
(-153.483 -4.94702e-19 27.834)
(-153.256 -2.71436e-19 27.7821)
(-153.062 1.56586e-19 27.7363)
(-152.86 -4.9008e-20 27.6894)
(-152.623 1.42856e-20 27.6378)
(-152.344 2.29862e-19 27.5809)
(-152.027 3.16105e-20 27.5183)
(-151.692 3.58337e-19 27.4531)
(-151.364 4.73261e-20 27.3889)
(-151.09 -1.53811e-19 27.3345)
(-150.874 1.51138e-19 27.2906)
(-150.728 2.14721e-19 27.259)
(-150.641 1.80389e-19 27.2398)
(-150.558 3.81505e-20 27.2213)
(-150.497 5.21053e-20 27.2015)
(-150.546 1.3554e-20 27.2329)
(-153.204 3.53664e-20 27.7414)
(-151.195 3.1181e-19 27.3591)
(-152.638 -1.54618e-19 27.6237)
(-151.565 1.9969e-19 27.427)
(-154.682 -4.49674e-20 27.9772)
(-155.021 -1.61714e-19 28.0318)
(-152.364 8.84618e-20 27.5506)
(-152.552 3.04996e-19 27.5836)
(-155.812 -3.34766e-19 28.1662)
(-156.985 -3.28427e-19 28.3733)
(-153.924 1.59389e-19 27.8198)
(-155.851 8.27663e-20 28.162)
(-160.167 2.10784e-19 28.9397)
(-160.478 8.58615e-20 29.0012)
(-156.682 -2.9372e-19 28.3132)
(-156.28 -1.54568e-19 28.247)
(-161.899 1.48514e-19 29.2646)
(-159.399 4.71401e-20 28.8122)
(-157.621 -3.7188e-20 28.4949)
(-162.725 -2.19324e-19 29.4165)
(-163.051 5.73524e-20 29.4786)
(-164.294 -5.52998e-19 29.6997)
(-162.509 -4.24085e-19 29.3659)
(-159.625 -6.73516e-20 28.8469)
(-163.566 -1.75304e-19 29.5592)
(-162.459 3.80617e-21 29.3534)
(-165.005 5.96594e-21 29.8066)
(-164.141 1.42358e-19 29.6577)
(-166.906 -2.0633e-19 30.1514)
(-163.469 1.99103e-19 29.5444)
(-161.987 -8.32237e-21 29.2397)
(-165.674 -1.76119e-19 29.5315)
(-199.295 2.39042e-19 38.5292)
(-191.469 0 7.82465)
(-170.565 0 3.87343)
(-156.682 0 2.36773)
(-147.852 0 1.90728)
(-141.246 0 1.45724)
(-138.937 0 1.13441)
(-137.496 0 0.943958)
(-132.694 0 0.63953)
(-124.861 0 0.276054)
(-114.145 0 0.27912)
(-104.501 0 0.515114)
(-97.7862 0 0.572266)
(-93.4707 0 0.51479)
(-90.4244 0 0.447463)
(-87.9781 0 0.405341)
(-86.1204 0 0.37977)
(-84.7475 0 0.349968)
(-83.4653 0 0.328238)
(-82.2163 0 0.307827)
(-81.4809 0 0.280015)
(-81.0226 0 0.252121)
(-80.482 0 0.235697)
(-79.8939 0 0.225431)
(-79.4599 0 0.220638)
(-79.0578 0 0.213881)
(-78.5965 0 0.20548)
(-78.1981 0 0.194964)
(-77.8518 0 0.188914)
(-77.5142 0 0.18934)
(-77.2564 0 0.195147)
(-77.2199 0 0.205761)
(-77.3391 0 0.195437)
(-77.4753 0 0.175879)
(-77.5201 0 0.147493)
(-77.3288 0 0.117704)
(-76.7336 0 0.11419)
(-76.1038 0 0.160003)
(-76.07 0 0.195881)
(-76.2998 0 0.18974)
(-76.6634 0 0.183778)
(-76.9454 0 0.160919)
(-76.9688 0 0.128003)
(-76.6641 0 0.103397)
(-76.0483 0 0.113707)
(-75.7455 0 0.147618)
(-75.8278 0 0.158658)
(-76.0669 0 0.159838)
(-76.3105 0 0.14911)
(-76.3631 0 0.128987)
(-76.1977 0 0.112042)
(-75.782 0 0.110727)
(-75.4203 0 0.125567)
(-75.3088 0 0.134897)
(-75.3056 0 0.134357)
(-75.3026 0 0.127685)
(-75.2142 0 0.120593)
(-75.0249 0 0.118664)
(-74.8713 0 0.123496)
(-74.8293 0 0.125948)
(-74.8312 0 0.123483)
(-74.8182 0 0.117811)
(-74.7503 0 0.112229)
(-74.6304 0 0.109325)
(-74.5178 0 0.110362)
(-74.4525 0 0.111717)
(-74.4151 0 0.111361)
(-74.3778 0 0.10964)
(-74.3234 0 0.107761)
(-74.2487 0 0.106538)
(-74.1616 0 0.106282)
(-74.0684 0 0.105941)
(-73.9601 0 0.1056)
(-73.8314 0 0.104939)
(-73.6946 0 0.104241)
(-73.5679 0 0.102924)
(-73.4527 0 0.101577)
(-73.355 0 0.0998481)
(-73.2654 0 0.0990169)
(-73.1919 0 0.0985676)
(-73.1087 0 0.0992901)
)
;
    }
    upstream
    {
        type            symmetryPlane;
    }
    defaultFaces
    {
        type            empty;
    }
}


// ************************************************************************* //
