/*--------------------------------*- C++ -*----------------------------------*\
  =========                 |
  \\      /  F ield         | OpenFOAM: The Open Source CFD Toolbox
   \\    /   O peration     | Website:  https://openfoam.org
    \\  /    A nd           | Version:  13
     \\/     M anipulation  |
\*---------------------------------------------------------------------------*/
FoamFile
{
    format      ascii;
    class       volScalarField;
    location    "0.0008";
    object      Cf;
}
// * * * * * * * * * * * * * * * * * * * * * * * * * * * * * * * * * * * * * //

dimensions      [];

internalField   uniform 0;

boundaryField
{
    inlet
    {
        type            calculated;
        value           uniform 0;
    }
    outlet
    {
        type            calculated;
        value           uniform 0;
    }
    bottom
    {
        type            calculated;
        value           nonuniform List<scalar> 
196
(
0.00307936
0.00317108
0.00295273
0.00252161
0.00204601
0.00170622
0.00153175
0.00144724
0.00137543
0.00134318
0.00135394
0.00134211
0.00137809
0.0014059
0.00140444
0.00141503
0.00144583
0.00143679
0.00145699
0.00144365
0.00145914
0.00145213
0.00145055
0.00144706
0.00145641
0.00143996
0.00143689
0.0014342
0.00143126
0.00142884
0.0014265
0.00142439
0.00142212
0.00142045
0.00141885
0.00141717
0.00141615
0.00141818
0.00142095
0.00142406
0.00142653
0.00142862
0.00143113
0.00143402
0.00143655
0.00143974
0.00144176
0.00144598
0.0014499
0.0014543
0.00144523
0.00142277
0.00136786
0.00127611
0.0011974
0.001151
0.00112334
0.00110725
0.00109732
0.00109065
0.0010858
0.00108199
0.00107885
0.00107614
0.00107383
0.00107184
0.0010702
0.0010688
0.0010677
0.00106674
0.00106595
0.00106521
0.00106465
0.00106407
0.00106356
0.00106257
0.00106135
0.00106004
0.00105879
0.00105755
0.00105638
0.00105523
0.00105414
0.00105309
0.00105211
0.00105116
0.00105026
0.00104938
0.00104851
0.00104765
0.00104677
0.00104592
0.00104509
0.00104436
0.00104367
0.00104304
0.0010424
0.00104178
0.00104112
0.00104045
0.00103978
0.00103909
0.00103847
0.00103787
0.00103737
0.00103686
0.00103646
0.00103598
0.00103561
0.00103512
0.00103476
0.00103425
0.00103388
0.0010333
0.00103277
0.00103156
0.00103355
0.00103321
0.00103081
0.00101725
0.000928057
0.000532995
8.34231e-05
-0.000202184
-0.000372014
-0.000385415
-0.000588012
-0.00073584
-0.000637174
-0.000374783
-3.44869e-05
0.000183145
0.000474816
0.000835566
0.00126264
0.00169188
0.00211793
0.0024495
0.00283204
0.00317071
0.00344992
0.00370325
0.00386314
0.00404444
0.00420515
0.0043071
0.00440137
0.00449338
0.00455739
0.00459921
0.00463768
0.00466136
0.00467706
0.0046827
0.00467511
0.00467063
0.0046681
0.00467307
0.0046706
0.00466128
0.00464058
0.00461828
0.00459896
0.00458334
0.00457337
0.00456416
0.0045536
0.00454583
0.00454166
0.00454186
0.0045395
0.00453164
0.00451843
0.00449892
0.00447347
0.00445815
0.00445717
0.00445293
0.00445528
0.00446296
0.00446674
0.00446309
0.00444511
0.00440562
0.00434297
0.00426839
0.00419678
0.00412518
0.00404925
0.00395817
0.00385353
0.00374686
0.00364499
0.00354626
0.00344786
0.00326817
)
;
    }
    top
    {
        type            calculated;
        value           nonuniform List<scalar> 
190
(
0.00527609
0.00591902
0.00555825
0.0047817
0.00382155
0.00316051
0.0027847
0.00255846
0.00241319
0.00232248
0.00226924
0.00223614
0.00222303
0.00223517
0.00227491
0.00231534
0.0023456
0.00236326
0.00237144
0.00237626
0.00237998
0.00238206
0.00238067
0.00237736
0.00237289
0.00236947
0.0023693
0.00237085
0.0023719
0.0023703
0.00236538
0.00235734
0.00234732
0.00233647
0.00232704
0.00231907
0.00231137
0.00230442
0.0022982
0.00229378
0.00229089
0.00228817
0.00228428
0.00227863
0.00227165
0.00226471
0.00225864
0.00225369
0.00224976
0.00224617
0.00224204
0.00223679
0.00223032
0.0022231
0.00221629
0.00221097
0.00220754
0.00220559
0.00220447
0.00220338
0.00220161
0.00219863
0.00219422
0.00218855
0.00218232
0.0021763
0.00217111
0.00216692
0.00216373
0.00216123
0.00215904
0.00215679
0.0021539
0.00215081
0.00214564
0.00214302
0.00214221
0.0021426
0.00216513
0.00216119
0.00217841
0.00217394
0.00216057
0.00217159
0.0022247
0.0022336
0.0022132
0.00225702
0.00221146
0.00226866
0.00227137
0.00223343
0.00222672
0.00225685
0.00227571
0.00227606
0.00232808
0.00231308
0.00226473
0.00234478
0.00231992
0.0022929
0.00228741
0.00231605
0.00235993
0.00234686
0.00235562
0.00237911
0.00235663
0.00274881
0.00275059
0.00242577
0.00223132
0.00210866
0.00201244
0.00198466
0.00196683
0.00189522
0.0017881
0.00164059
0.0014998
0.00139708
0.001337
0.00129626
0.00125977
0.00122768
0.00120504
0.00118628
0.0011676
0.00115467
0.00114828
0.00114224
0.00113485
0.00113093
0.0011289
0.00112548
0.00112104
0.00111633
0.00111135
0.00110754
0.0011065
0.00110723
0.00110779
0.00110684
0.00110185
0.00109162
0.00108349
0.00108388
0.00108786
0.0010936
0.0010977
0.001098
0.00109402
0.00108583
0.00108156
0.00108282
0.00108615
0.00108954
0.00109054
0.00108871
0.00108384
0.00108034
0.00107991
0.00108055
0.00108077
0.00107952
0.00107708
0.00107567
0.00107588
0.00107681
0.00107772
0.00107801
0.00107754
0.00107671
0.00107596
0.00107551
0.00107524
0.00107497
0.00107469
0.00107435
0.00107379
0.00107316
0.00107251
0.00107191
0.00107117
0.00107076
0.00107033
0.00107013
0.00107052
0.00106883
)
;
    }
    upstream
    {
        type            symmetryPlane;
    }
    defaultFaces
    {
        type            empty;
    }
}


// ************************************************************************* //
