/*--------------------------------*- C++ -*----------------------------------*\
  =========                 |
  \\      /  F ield         | OpenFOAM: The Open Source CFD Toolbox
   \\    /   O peration     | Website:  https://openfoam.org
    \\  /    A nd           | Version:  13
     \\/     M anipulation  |
\*---------------------------------------------------------------------------*/
FoamFile
{
    format      ascii;
    class       volVectorField;
    location    "0.0008";
    object      wallShearStress;
}
// * * * * * * * * * * * * * * * * * * * * * * * * * * * * * * * * * * * * * //

dimensions      [1 -1 -2 0 0 0 0];

internalField   uniform (0 0 0);

boundaryField
{
    inlet
    {
        type            calculated;
        value           uniform (0 0 0);
    }
    outlet
    {
        type            calculated;
        value           uniform (0 0 0);
    }
    bottom
    {
        type            calculated;
        value           nonuniform List<vector> 
196
(
(-216.031 0 -4.7756)
(-222.466 0 0.679359)
(-207.147 0 5.25)
(-176.902 0 4.00889)
(-143.537 0 0.2228)
(-119.699 0 -2.35107)
(-107.459 -1.29365e-21 -2.57731)
(-101.53 -1.14378e-21 -2.91467)
(-96.4923 9.23052e-22 -2.88902)
(-94.2303 9.48928e-22 -2.72451)
(-94.985 -1.01552e-22 -2.60292)
(-94.1553 -5.09107e-22 -2.40581)
(-96.6794 -4.44647e-23 -2.31782)
(-98.6299 5.08321e-22 -2.20243)
(-98.5279 -2.52694e-23 -2.07732)
(-99.2705 -1.65328e-22 -1.96006)
(-101.431 -1.13654e-22 -1.85762)
(-100.797 -4.86289e-22 -1.71581)
(-102.214 -1.37471e-22 -1.61624)
(-101.279 -3.85491e-23 -1.48716)
(-102.365 3.03523e-22 -1.39591)
(-101.874 -3.50295e-22 -1.29802)
(-101.762 3.58588e-23 -1.22641)
(-101.518 5.881e-22 -1.14636)
(-102.174 -3.74317e-22 -1.0818)
(-101.02 -6.71542e-22 -1.00627)
(-100.804 -7.94804e-22 -0.948837)
(-100.616 1.3551e-22 -0.899358)
(-100.409 -3.76463e-22 -0.858927)
(-100.239 3.75173e-22 -0.82336)
(-100.075 8.93657e-22 -0.796131)
(-99.9276 -7.96195e-22 -0.77597)
(-99.7679 8.80824e-23 -0.763841)
(-99.6506 -2.93976e-22 -0.754582)
(-99.5388 3.91586e-22 -0.747797)
(-99.421 -2.7028e-23 -0.751128)
(-99.3494 -3.73541e-22 -0.753094)
(-99.4916 4.51565e-22 -0.734018)
(-99.6859 -6.66509e-22 -0.730585)
(-99.9039 -7.27785e-23 -0.722475)
(-100.078 4.37024e-22 -0.706616)
(-100.224 -6.03517e-24 -0.702026)
(-100.4 -4.71224e-22 -0.698345)
(-100.603 7.68118e-22 -0.690233)
(-100.78 -3.37914e-22 -0.682421)
(-101.004 -1.47616e-22 -0.663)
(-101.146 5.55235e-23 -0.673419)
(-101.442 1.78097e-22 -0.647228)
(-101.717 2.19754e-22 -0.643887)
(-102.025 5.13901e-23 -0.629274)
(-101.389 -4.35751e-22 -0.56468)
(-99.8139 4.65377e-22 -0.437222)
(-95.9616 -5.18743e-23 -0.292207)
(-89.5248 -2.50146e-22 -0.263987)
(-84.0032 4.69327e-22 -0.331429)
(-80.7479 3.09264e-22 -0.386134)
(-78.8072 -4.09111e-22 -0.386868)
(-77.6787 3.6046e-22 -0.371165)
(-76.9819 1.11787e-22 -0.358133)
(-76.5142 3.5599e-22 -0.348894)
(-76.174 1.96923e-22 -0.341887)
(-75.9065 -3.73523e-22 -0.336689)
(-75.6859 3.14588e-22 -0.331922)
(-75.4962 -1.05942e-22 -0.327518)
(-75.334 -1.17743e-22 -0.323403)
(-75.1947 1.17383e-22 -0.319493)
(-75.0791 -6.53909e-23 -0.315776)
(-74.9809 5.67541e-23 -0.312145)
(-74.9036 -2.84685e-22 -0.308569)
(-74.8364 -1.11055e-22 -0.305049)
(-74.7813 -3.72598e-22 -0.30161)
(-74.7295 2.03327e-24 -0.298216)
(-74.6898 2.4001e-22 -0.295051)
(-74.649 -7.89748e-23 -0.291911)
(-74.6136 -1.61508e-22 -0.289528)
(-74.5441 -8.15024e-24 -0.28762)
(-74.4581 2.64634e-22 -0.284721)
(-74.3666 -2.83296e-22 -0.281309)
(-74.279 -5.27599e-23 -0.277854)
(-74.192 -9.98632e-23 -0.274422)
(-74.11 -6.902e-23 -0.271064)
(-74.0289 -5.03866e-23 -0.267807)
(-73.9528 4.35553e-23 -0.264693)
(-73.8792 -9.60297e-23 -0.261561)
(-73.8102 3.04614e-23 -0.258616)
(-73.7439 1.64214e-22 -0.255552)
(-73.6806 -1.2947e-22 -0.252735)
(-73.6189 1.19019e-22 -0.249693)
(-73.5574 -8.30157e-23 -0.246922)
(-73.4976 -4.32442e-23 -0.243891)
(-73.4356 1.32293e-22 -0.241353)
(-73.3758 -8.73547e-24 -0.238488)
(-73.3179 -2.1554e-23 -0.235956)
(-73.2662 -1.41547e-22 -0.233064)
(-73.2182 1.82986e-22 -0.230449)
(-73.174 1.3335e-24 -0.22762)
(-73.1293 -1.13635e-23 -0.225103)
(-73.0858 4.98167e-23 -0.222333)
(-73.0392 -2.57175e-24 -0.219962)
(-72.9923 -8.38368e-23 -0.217285)
(-72.9449 -3.36124e-23 -0.214998)
(-72.8971 -8.41932e-23 -0.212529)
(-72.853 5.45459e-23 -0.210213)
(-72.8109 1.25441e-22 -0.207692)
(-72.776 -2.63115e-23 -0.205225)
(-72.7406 -9.27235e-23 -0.202784)
(-72.7121 -1.40965e-22 -0.200467)
(-72.6787 1.93793e-23 -0.198264)
(-72.6528 -1.58499e-22 -0.196034)
(-72.618 1.92183e-23 -0.193945)
(-72.5933 -6.13266e-23 -0.191721)
(-72.5573 2.82444e-23 -0.189566)
(-72.531 -1.41461e-23 -0.187793)
(-72.4903 2.07211e-23 -0.185585)
(-72.4534 4.19852e-23 -0.186026)
(-72.3686 -1.92475e-22 -0.172858)
(-72.5083 0 -0.171212)
(-72.484 0 -0.17282)
(-72.3159 0 -0.18671)
(-71.3645 0 -0.278642)
(-65.1074 0 -0.708494)
(-37.392 0 -0.877195)
(-5.85251 0 -0.190278)
(14.1841 0 -0.559881)
(26.0985 0 -0.142513)
(27.0386 0 0.521199)
(41.2516 0 -0.125844)
(51.6225 0 0.609521)
(44.7006 0 1.12465)
(26.2927 0 2.04372)
(2.41941 0 1.95873)
(-12.8485 0 1.10164)
(-33.3105 0 1.37321)
(-58.6187 0 1.68341)
(-88.5795 0 1.80041)
(-118.693 0 0.992862)
(-148.582 0 1.09131)
(-171.843 0 1.24932)
(-198.68 0 1.54722)
(-222.44 0 1.00661)
(-242.027 0 0.760509)
(-259.8 0 0.5423)
(-271.016 0 0.0733433)
(-283.735 0 -0.0725751)
(-295.01 0 -0.251367)
(-302.162 0 -0.473792)
(-308.775 0 -0.558625)
(-315.23 0 -0.670347)
(-319.721 0 -0.792283)
(-322.655 0 -0.876015)
(-325.354 0 -0.924916)
(-327.015 0 -0.992008)
(-328.117 0 -1.04005)
(-328.513 0 -1.0814)
(-327.98 0 -1.11049)
(-327.666 0 -1.12131)
(-327.488 0 -1.13262)
(-327.837 0 -1.13949)
(-327.664 0 -1.14086)
(-327.009 0 -1.13195)
(-325.558 0 -1.13835)
(-323.993 0 -1.12064)
(-322.637 0 -1.11823)
(-321.542 0 -1.1202)
(-320.842 0 -1.11207)
(-320.196 0 -1.10435)
(-319.456 0 -1.08457)
(-318.91 0 -1.06954)
(-318.618 0 -1.06274)
(-318.632 0 -1.06684)
(-318.466 0 -1.07843)
(-317.915 0 -1.09072)
(-316.988 0 -1.08972)
(-315.619 0 -1.07814)
(-313.834 0 -1.07023)
(-312.759 0 -1.05377)
(-312.69 0 -1.05912)
(-312.393 0 -1.06334)
(-312.558 0 -1.06587)
(-313.096 0 -1.05612)
(-313.362 0 -1.05611)
(-313.106 0 -1.07819)
(-311.844 0 -1.11547)
(-309.074 0 -1.16356)
(-304.679 0 -1.20175)
(-299.447 0 -1.19664)
(-294.423 0 -1.16895)
(-289.4 0 -1.15275)
(-284.073 0 -1.16808)
(-277.683 0 -1.21426)
(-270.342 0 -1.25211)
(-262.859 0 -1.2433)
(-255.712 0 -1.19479)
(-248.786 0 -1.10486)
(-241.883 0 -1.02291)
(-229.277 0 -0.988594)
)
;
    }
    top
    {
        type            calculated;
        value           nonuniform List<vector> 
190
(
(-370.141 -7.11569e-20 57.879)
(-415.245 2.42305e-19 66.6991)
(-389.936 2.99013e-19 60.1508)
(-335.457 8.8488e-19 56.7798)
(-268.099 -1.53193e-18 50.5954)
(-221.724 -5.35837e-19 42.8171)
(-195.359 3.02236e-19 36.7264)
(-179.488 -1.56337e-19 33.0355)
(-169.296 -1.00767e-18 31.6764)
(-162.933 6.79875e-19 31.6947)
(-159.198 7.91659e-19 31.5743)
(-156.875 -5.76297e-19 31.2908)
(-155.955 3.94924e-19 30.997)
(-156.807 2.54011e-19 30.9206)
(-159.595 -7.64528e-19 31.1534)
(-162.431 -2.61684e-19 31.4194)
(-164.555 -8.12803e-19 31.6552)
(-165.793 8.23378e-19 31.8151)
(-166.367 8.24954e-19 31.8724)
(-166.705 -1.71995e-19 31.8842)
(-166.967 8.39083e-20 31.8653)
(-167.112 4.58353e-19 31.8146)
(-167.015 -1.83977e-19 31.7247)
(-166.782 -7.08614e-19 31.6168)
(-166.469 -3.48264e-19 31.5076)
(-166.229 -7.60403e-20 31.4201)
(-166.217 4.05642e-19 31.3676)
(-166.325 -5.2368e-19 31.3285)
(-166.399 7.05516e-19 31.2815)
(-166.287 -1.03441e-19 31.1914)
(-165.942 -4.32878e-19 31.0548)
(-165.378 -1.67406e-19 30.8816)
(-164.675 -3.57142e-19 30.6891)
(-163.914 3.99041e-20 30.4991)
(-163.252 -1.42511e-21 30.3404)
(-162.693 -1.75637e-19 30.2042)
(-162.153 1.46784e-19 30.073)
(-161.666 -5.22554e-19 29.9491)
(-161.229 -3.72897e-20 29.825)
(-160.919 3.48266e-19 29.7206)
(-160.716 -1.21297e-19 29.6301)
(-160.526 -2.56418e-19 29.5471)
(-160.252 2.31066e-19 29.4499)
(-159.856 -1.40567e-19 29.3409)
(-159.366 -3.97974e-19 29.2262)
(-158.879 3.56858e-19 29.1177)
(-158.454 5.44896e-19 29.0218)
(-158.106 -5.0499e-19 28.9393)
(-157.831 -1.10805e-19 28.8684)
(-157.579 2.13966e-19 28.7995)
(-157.289 -3.68199e-19 28.7224)
(-156.921 -1.40889e-19 28.6313)
(-156.467 -2.69292e-19 28.5252)
(-155.96 1.10088e-19 28.4106)
(-155.483 -6.12215e-21 28.3012)
(-155.109 2.3248e-20 28.211)
(-154.869 -2.03083e-19 28.15)
(-154.732 2.46467e-19 28.1084)
(-154.654 4.40537e-19 28.0791)
(-154.577 2.66529e-19 28.0513)
(-154.453 -3.5742e-19 28.016)
(-154.244 -4.95911e-19 27.9634)
(-153.934 -2.6948e-19 27.894)
(-153.536 1.58467e-19 27.8115)
(-153.099 -4.95407e-20 27.7247)
(-152.677 1.42973e-20 27.6427)
(-152.313 2.30697e-19 27.5721)
(-152.019 3.09083e-20 27.5136)
(-151.795 3.5957e-19 27.4675)
(-151.62 4.77719e-20 27.4294)
(-151.466 -1.51909e-19 27.3945)
(-151.308 1.52379e-19 27.3597)
(-151.106 2.12859e-19 27.3154)
(-150.889 1.80436e-19 27.2747)
(-150.527 3.66583e-20 27.1966)
(-150.343 5.09656e-20 27.1787)
(-150.286 1.48501e-20 27.1923)
(-150.313 3.20737e-20 27.1949)
(-151.894 3.19259e-19 27.4895)
(-151.617 -1.54171e-19 27.4413)
(-152.825 1.99872e-19 27.6594)
(-152.512 -4.50419e-20 27.6009)
(-151.574 -1.63296e-19 27.4256)
(-152.347 8.94411e-20 27.561)
(-156.073 3.13949e-19 28.2317)
(-156.697 -3.42274e-19 28.3403)
(-155.266 -3.32645e-19 28.0784)
(-158.34 1.65947e-19 28.6305)
(-155.144 8.31962e-20 28.0515)
(-159.157 2.13498e-19 28.776)
(-159.347 8.66892e-20 28.8081)
(-156.685 -2.98863e-19 28.3223)
(-156.214 -1.55068e-19 28.2399)
(-158.328 1.45127e-19 28.6184)
(-159.651 4.66416e-20 28.8488)
(-159.676 -3.67822e-20 28.852)
(-163.325 -2.15103e-19 29.5138)
(-162.273 5.54595e-20 29.3202)
(-158.881 -5.21146e-19 28.7039)
(-164.497 -4.20211e-19 29.7086)
(-162.753 -6.65725e-20 29.3924)
(-160.857 -1.69459e-19 29.0534)
(-160.472 4.03784e-21 28.9794)
(-162.481 5.6486e-21 29.3339)
(-165.56 1.4134e-19 29.9006)
(-164.643 -2.01015e-19 29.7348)
(-165.257 1.97865e-19 29.8584)
(-166.905 -8.69332e-21 30.1214)
(-165.328 -1.75764e-19 29.479)
(-192.841 2.33194e-19 37.3041)
(-192.966 0 7.90861)
(-170.179 0 3.91775)
(-156.537 0 2.36435)
(-147.932 0 1.92183)
(-141.181 0 1.52091)
(-139.233 0 1.14821)
(-137.982 0 0.900725)
(-132.958 0 0.723008)
(-125.443 0 0.33832)
(-115.095 0 0.256318)
(-105.217 0 0.494112)
(-98.0117 0 0.568333)
(-93.7965 0 0.511272)
(-90.9381 0 0.440889)
(-88.3785 0 0.395471)
(-86.1274 0 0.375159)
(-84.539 0 0.352974)
(-83.223 0 0.328926)
(-81.9127 0 0.305907)
(-81.0052 0 0.280852)
(-80.5569 0 0.254082)
(-80.1334 0 0.241726)
(-79.6147 0 0.236286)
(-79.34 0 0.237757)
(-79.1974 0 0.227209)
(-78.9573 0 0.216189)
(-78.6457 0 0.199223)
(-78.3153 0 0.190126)
(-77.9662 0 0.194153)
(-77.6992 0 0.200675)
(-77.6256 0 0.201986)
(-77.6775 0 0.190483)
(-77.7162 0 0.171654)
(-77.6498 0 0.143798)
(-77.2995 0 0.113952)
(-76.5818 0 0.117072)
(-76.0114 0 0.167561)
(-76.0392 0 0.195568)
(-76.3179 0 0.188842)
(-76.721 0 0.181726)
(-77.0083 0 0.157569)
(-77.0295 0 0.126608)
(-76.7504 0 0.104709)
(-76.1759 0 0.113707)
(-75.8762 0 0.149802)
(-75.9644 0 0.158162)
(-76.198 0 0.160606)
(-76.4363 0 0.150094)
(-76.5061 0 0.13233)
(-76.378 0 0.117356)
(-76.036 0 0.117192)
(-75.7907 0 0.130824)
(-75.7604 0 0.1373)
(-75.8056 0 0.135143)
(-75.821 0 0.128588)
(-75.7331 0 0.121041)
(-75.5622 0 0.120628)
(-75.4629 0 0.125985)
(-75.4775 0 0.129011)
(-75.5433 0 0.126135)
(-75.6069 0 0.121593)
(-75.6272 0 0.116304)
(-75.5943 0 0.112117)
(-75.5361 0 0.111022)
(-75.4833 0 0.11146)
(-75.4516 0 0.111228)
(-75.4332 0 0.111022)
(-75.4137 0 0.111322)
(-75.3942 0 0.111141)
(-75.3704 0 0.110483)
(-75.3313 0 0.109283)
(-75.287 0 0.108426)
(-75.2413 0 0.107389)
(-75.1993 0 0.106778)
(-75.1475 0 0.105373)
(-75.1187 0 0.103393)
(-75.0888 0 0.100862)
(-75.0744 0 0.0983578)
(-75.1021 0 0.0940104)
(-74.9829 0 0.0951226)
)
;
    }
    upstream
    {
        type            symmetryPlane;
    }
    defaultFaces
    {
        type            empty;
    }
}


// ************************************************************************* //
