/*--------------------------------*- C++ -*----------------------------------*\
  =========                 |
  \\      /  F ield         | OpenFOAM: The Open Source CFD Toolbox
   \\    /   O peration     | Website:  https://openfoam.org
    \\  /    A nd           | Version:  13
     \\/     M anipulation  |
\*---------------------------------------------------------------------------*/
FoamFile
{
    format      ascii;
    class       volScalarField;
    location    "0.0004";
    object      Cf;
}
// * * * * * * * * * * * * * * * * * * * * * * * * * * * * * * * * * * * * * //

dimensions      [];

internalField   uniform 0;

boundaryField
{
    inlet
    {
        type            calculated;
        value           uniform 0;
    }
    outlet
    {
        type            calculated;
        value           uniform 0;
    }
    bottom
    {
        type            calculated;
        value           nonuniform List<scalar> 
196
(
0.00304025
0.00317105
0.00295305
0.00247705
0.00200599
0.00169898
0.00153278
0.00144752
0.00137462
0.00134501
0.00133169
0.00134136
0.00136563
0.00138828
0.00142158
0.0014153
0.00143149
0.00143184
0.0014384
0.00144381
0.00144858
0.00145571
0.00145059
0.00144702
0.00144367
0.00145401
0.00144191
0.00143423
0.00143117
0.00142889
0.00142919
0.00142452
0.00142217
0.00142874
0.00141881
0.00141704
0.00142123
0.00141834
0.00142134
0.00142389
0.00142668
0.00142967
0.00143105
0.00143384
0.00143638
0.00144014
0.00144267
0.00144597
0.00145302
0.00145262
0.0014441
0.00142357
0.0013717
0.00128376
0.00120493
0.00115746
0.00112823
0.00111099
0.00110044
0.00109353
0.00108866
0.00108491
0.00108194
0.00107952
0.00107749
0.00107577
0.00107437
0.00107317
0.00107207
0.00107105
0.00107017
0.00106942
0.00106884
0.00106842
0.00106817
0.00106784
0.00106747
0.00106658
0.00106551
0.00106436
0.00106326
0.00106226
0.00106131
0.00106034
0.00105933
0.00105833
0.00105748
0.00105679
0.00105627
0.0010558
0.0010554
0.00105475
0.00105393
0.00105307
0.00105215
0.00105129
0.00105047
0.00104983
0.00104941
0.0010492
0.00104912
0.00104915
0.00104929
0.0010495
0.00104979
0.00104999
0.0010502
0.00105038
0.00105061
0.00105071
0.00105089
0.00105096
0.00105114
0.00105117
0.00105136
0.00105083
0.0010531
0.00105309
0.00105281
0.00105235
0.0010518
0.00105129
0.00105091
0.0010505
0.00105015
0.00105027
0.00105032
0.00104997
0.00104997
0.00105055
0.0010512
0.00105129
0.00105117
0.00105084
0.00105019
0.00104919
0.00104799
0.00104681
0.00104562
0.00104449
0.00103992
0.00103632
0.001027
0.00102465
0.00110121
0.00133837
0.00194387
0.00253072
0.00302195
0.00340531
0.00390736
0.00437851
0.00464733
0.00497073
0.005295
0.00545053
0.00556522
0.00564276
0.00580852
0.00588604
0.00589183
0.00589283
0.00589666
0.00589251
0.00588173
0.00583432
0.0057857
0.00573055
0.0056896
0.00566797
0.0056596
0.00563711
0.00561306
0.00560651
0.00560204
0.00559961
0.0055867
0.00557154
0.00555614
0.00553421
0.00550124
0.0054538
0.00539319
0.00532428
0.00524554
0.00514981
0.00502988
0.00487947
0.00470342
0.0045129
0.00432352
0.00413974
0.00396725
0.00380527
0.00365732
0.00343245
)
;
    }
    top
    {
        type            calculated;
        value           nonuniform List<scalar> 
190
(
0.00531142
0.00573307
0.00552552
0.00486466
0.0039718
0.00330603
0.00289524
0.00261481
0.00243409
0.00231745
0.00224879
0.00220921
0.00219889
0.00222116
0.00226145
0.00229872
0.00232583
0.00234531
0.00235969
0.00236934
0.00237559
0.00237941
0.00238297
0.00238761
0.00239104
0.00239045
0.00238614
0.00238081
0.00237672
0.00237245
0.00236677
0.00235937
0.00235159
0.00234497
0.00233955
0.00233518
0.00233093
0.00232613
0.00231988
0.00231225
0.00230501
0.00229869
0.00229232
0.00228494
0.00227641
0.00226747
0.00225924
0.00225238
0.00224681
0.00224257
0.00223963
0.00223732
0.00223484
0.00223161
0.0022276
0.00222315
0.00221892
0.00221547
0.00221293
0.00221126
0.00221005
0.00220883
0.00220704
0.00220454
0.00220152
0.0021985
0.00219574
0.00219329
0.00219094
0.00218823
0.00218496
0.00218083
0.00217632
0.00216998
0.00216649
0.00216969
0.00219659
0.00216774
0.00217322
0.00222412
0.00221557
0.00223704
0.00222405
0.00224601
0.00221189
0.00223618
0.00222794
0.0022291
0.00227158
0.00228421
0.00224879
0.0023276
0.00227691
0.00226966
0.00232432
0.00231503
0.00236017
0.00237297
0.00235052
0.00237942
0.0023937
0.00232811
0.00236845
0.0023424
0.00236166
0.00241733
0.0023964
0.00237115
0.00244583
0.00288958
0.00275021
0.00242416
0.00223619
0.00212158
0.00204708
0.00199612
0.00185913
0.00162977
0.00146404
0.00137981
0.00131865
0.00126465
0.0012264
0.00119788
0.00116894
0.00113958
0.00111571
0.00109789
0.00108395
0.0010727
0.00106125
0.00104798
0.00103689
0.00102865
0.00102107
0.00101379
0.00100715
0.00100007
0.000991079
0.000981469
0.00097908
0.000981172
0.000984428
0.000987884
0.00098993
0.000987524
0.000978398
0.000969246
0.000970438
0.000974743
0.000980902
0.000985241
0.000987317
0.000987947
0.000986739
0.000984052
0.0009843
0.000987445
0.000992919
0.000998954
0.00100198
0.00100336
0.00100564
0.00100867
0.00101273
0.00101526
0.00101595
0.00101591
0.00101603
0.0010169
0.00101852
0.00102059
0.00102314
0.00102512
0.00102696
0.00102907
0.00103152
0.0010343
0.00103709
0.00103969
0.0010422
0.00104486
0.00104762
0.00104993
0.0010517
0.00105304
0.00105434
0.00105593
0.00105768
0.00106219
)
;
    }
    upstream
    {
        type            symmetryPlane;
    }
    defaultFaces
    {
        type            empty;
    }
}


// ************************************************************************* //
