/*--------------------------------*- C++ -*----------------------------------*\
  =========                 |
  \\      /  F ield         | OpenFOAM: The Open Source CFD Toolbox
   \\    /   O peration     | Website:  https://openfoam.org
    \\  /    A nd           | Version:  13
     \\/     M anipulation  |
\*---------------------------------------------------------------------------*/
FoamFile
{
    format      ascii;
    class       volVectorField;
    location    "0.0004";
    object      wallShearStress;
}
// * * * * * * * * * * * * * * * * * * * * * * * * * * * * * * * * * * * * * //

dimensions      [1 -1 -2 0 0 0 0];

internalField   uniform (0 0 0);

boundaryField
{
    inlet
    {
        type            calculated;
        value           uniform (0 0 0);
    }
    outlet
    {
        type            calculated;
        value           uniform (0 0 0);
    }
    bottom
    {
        type            calculated;
        value           nonuniform List<vector> 
196
(
(-213.287 0 -4.72197)
(-222.463 0 0.682253)
(-207.17 0 5.25116)
(-173.776 0 3.92321)
(-140.729 0 0.246045)
(-119.191 0 -2.36006)
(-107.531 -1.28757e-21 -2.56664)
(-101.55 -1.14872e-21 -2.89162)
(-96.4354 9.23271e-22 -2.92188)
(-94.3586 9.53399e-22 -2.72576)
(-93.4237 -9.98103e-23 -2.54105)
(-94.1025 -5.07083e-22 -2.40658)
(-95.8051 -4.40763e-23 -2.30063)
(-97.3944 5.0406e-22 -2.17681)
(-99.7305 -2.55501e-23 -2.09972)
(-99.2893 -1.6526e-22 -1.9595)
(-100.425 -1.12543e-22 -1.84219)
(-100.45 -4.84932e-22 -1.71401)
(-100.91 -1.35517e-22 -1.59507)
(-101.29 -3.85256e-23 -1.48712)
(-101.624 3.01833e-22 -1.38656)
(-102.124 -3.51485e-22 -1.30145)
(-101.765 3.58154e-23 -1.22451)
(-101.515 5.87433e-22 -1.14553)
(-101.28 -3.70801e-22 -1.07287)
(-102.005 -6.77339e-22 -1.0158)
(-101.157 -7.96857e-22 -0.951419)
(-100.618 1.35541e-22 -0.898733)
(-100.403 -3.76731e-22 -0.859287)
(-100.243 3.75979e-22 -0.825322)
(-100.264 8.97733e-22 -0.800108)
(-99.9364 -7.96741e-22 -0.777068)
(-99.7713 8.77761e-23 -0.760882)
(-100.232 -2.95029e-22 -0.757842)
(-99.5359 3.91663e-22 -0.747794)
(-99.4116 -2.70402e-23 -0.751515)
(-99.7055 -3.75583e-22 -0.757379)
(-99.5029 4.52537e-22 -0.73531)
(-99.713 -6.63854e-22 -0.726223)
(-99.892 -7.26589e-23 -0.718992)
(-100.088 4.41085e-22 -0.716953)
(-100.298 -6.01141e-24 -0.698745)
(-100.395 -4.64486e-22 -0.685708)
(-100.59 7.57795e-22 -0.685788)
(-100.768 -3.44598e-22 -0.691029)
(-101.032 -1.49804e-22 -0.676492)
(-101.21 5.45017e-23 -0.659599)
(-101.441 1.7866e-22 -0.677714)
(-101.936 2.22704e-22 -0.653276)
(-101.908 5.19425e-23 -0.594988)
(-101.31 -4.31604e-22 -0.559484)
(-99.8701 4.62481e-22 -0.442864)
(-96.2309 -5.15152e-23 -0.299812)
(-90.0616 -2.4968e-22 -0.268431)
(-84.5311 4.73427e-22 -0.326763)
(-81.201 3.12359e-22 -0.384809)
(-79.1504 -4.13163e-22 -0.388879)
(-77.941 3.62831e-22 -0.373228)
(-77.2009 1.12218e-22 -0.359349)
(-76.7159 3.57046e-22 -0.349847)
(-76.3743 1.97511e-22 -0.342897)
(-76.1116 -3.75113e-22 -0.337924)
(-75.9026 3.16697e-22 -0.333784)
(-75.7334 -1.0682e-22 -0.32963)
(-75.5907 -1.18822e-22 -0.3255)
(-75.4701 1.18462e-22 -0.321347)
(-75.3721 -6.59467e-23 -0.317287)
(-75.2878 5.71984e-23 -0.313553)
(-75.2102 -2.87081e-22 -0.310302)
(-75.139 -1.12122e-22 -0.307214)
(-75.0771 -3.76788e-22 -0.304207)
(-75.0249 2.06018e-24 -0.301261)
(-74.9841 2.43626e-22 -0.29832)
(-74.9545 -8.02256e-23 -0.295155)
(-74.9366 -1.63938e-22 -0.292079)
(-74.9139 -8.25678e-24 -0.2891)
(-74.8877 2.68412e-22 -0.286777)
(-74.8257 -2.88221e-22 -0.284651)
(-74.75 -5.37225e-23 -0.281497)
(-74.6698 -1.0175e-22 -0.278221)
(-74.5926 -7.03749e-23 -0.274921)
(-74.5223 -5.13823e-23 -0.271568)
(-74.4559 4.44091e-23 -0.268367)
(-74.3878 -9.7942e-23 -0.265361)
(-74.3165 3.10882e-23 -0.262658)
(-74.2468 1.67965e-22 -0.260171)
(-74.187 -1.32717e-22 -0.257773)
(-74.1385 1.22395e-22 -0.255367)
(-74.1021 -8.55053e-23 -0.252943)
(-74.0692 -4.4738e-23 -0.251126)
(-74.0412 1.37322e-22 -0.249569)
(-73.9953 -9.14207e-24 -0.248976)
(-73.9382 -2.27265e-23 -0.248176)
(-73.8779 -1.50418e-22 -0.247158)
(-73.8127 1.96111e-22 -0.246335)
(-73.7525 1.43726e-24 -0.2448)
(-73.6948 -1.23479e-23 -0.243994)
(-73.6503 5.45448e-23 -0.242648)
(-73.621 -2.83665e-24 -0.24144)
(-73.606 -9.31797e-23 -0.23997)
(-73.6002 -3.7543e-23 -0.238293)
(-73.6027 -9.44677e-23 -0.236429)
(-73.6121 6.14049e-23 -0.234494)
(-73.6268 1.41696e-22 -0.232399)
(-73.6473 -2.97921e-23 -0.23019)
(-73.6616 -1.05236e-22 -0.228147)
(-73.6764 -1.60526e-22 -0.22633)
(-73.689 2.21247e-23 -0.224463)
(-73.7047 -1.81672e-22 -0.222842)
(-73.7117 2.20852e-23 -0.221069)
(-73.7244 -7.07971e-23 -0.219524)
(-73.7296 3.26947e-23 -0.217644)
(-73.7419 -1.64431e-23 -0.216564)
(-73.7446 2.41922e-23 -0.21496)
(-73.7579 4.90987e-23 -0.215769)
(-73.7201 -2.28439e-22 -0.203952)
(-73.8799 0 -0.20393)
(-73.8792 0 -0.203661)
(-73.8595 0 -0.204622)
(-73.827 0 -0.205641)
(-73.7883 0 -0.206529)
(-73.7525 0 -0.207268)
(-73.726 0 -0.206974)
(-73.6975 0 -0.206763)
(-73.673 0 -0.207)
(-73.6808 0 -0.205511)
(-73.6843 0 -0.206026)
(-73.6599 0 -0.206984)
(-73.6602 0 -0.20845)
(-73.7007 0 -0.208818)
(-73.7464 0 -0.207675)
(-73.7528 0 -0.210817)
(-73.7446 0 -0.212808)
(-73.7213 0 -0.215119)
(-73.6752 0 -0.2197)
(-73.6055 0 -0.225374)
(-73.5212 0 -0.233219)
(-73.4387 0 -0.236942)
(-73.3546 0 -0.246052)
(-73.2755 0 -0.260776)
(-72.9548 0 -0.247203)
(-72.7022 0 -0.15306)
(-72.0484 0 0.285345)
(-71.8841 0 1.79498)
(-77.2549 0 3.72809)
(-93.8926 0 4.30964)
(-136.371 0 2.94318)
(-177.542 0 3.22616)
(-212.004 0 3.41023)
(-238.898 0 2.0041)
(-274.119 0 1.82583)
(-307.172 0 1.63696)
(-326.031 0 0.485334)
(-348.719 0 0.320847)
(-371.468 0 0.417128)
(-382.379 0 -0.485676)
(-390.425 0 -0.929936)
(-395.865 0 -1.13678)
(-407.494 0 -1.03454)
(-412.932 0 -1.2695)
(-413.338 0 -1.52351)
(-413.408 0 -1.64428)
(-413.677 0 -1.66663)
(-413.386 0 -1.6737)
(-412.63 0 -1.72551)
(-409.304 0 -1.81079)
(-405.892 0 -1.8119)
(-402.024 0 -1.87437)
(-399.151 0 -1.91306)
(-397.633 0 -1.93421)
(-397.046 0 -1.87375)
(-395.469 0 -1.8136)
(-393.781 0 -1.70498)
(-393.322 0 -1.60248)
(-393.008 0 -1.56022)
(-392.838 0 -1.50222)
(-391.932 0 -1.45414)
(-390.869 0 -1.41399)
(-389.788 0 -1.40549)
(-388.25 0 -1.40766)
(-385.937 0 -1.4095)
(-382.609 0 -1.42326)
(-378.357 0 -1.46601)
(-373.522 0 -1.51676)
(-367.998 0 -1.55075)
(-361.282 0 -1.54776)
(-352.869 0 -1.53296)
(-342.316 0 -1.55722)
(-329.966 0 -1.6382)
(-316.6 0 -1.74022)
(-303.314 0 -1.77009)
(-290.421 0 -1.71478)
(-278.32 0 -1.60775)
(-266.957 0 -1.4708)
(-256.577 0 -1.36806)
(-240.802 0 -1.28491)
)
;
    }
    top
    {
        type            calculated;
        value           nonuniform List<vector> 
190
(
(-372.62 -3.37435e-19 57.4216)
(-402.201 7.88004e-19 60.9151)
(-387.64 -6.83765e-19 58.9876)
(-341.277 3.86534e-19 54.3701)
(-278.64 6.04755e-20 47.4338)
(-231.933 -3.37265e-19 43.5501)
(-203.114 4.13586e-19 39.3766)
(-183.441 -2.20656e-19 34.6938)
(-170.762 -8.99757e-19 31.8154)
(-162.579 3.27366e-19 30.9516)
(-157.762 5.33024e-19 30.4425)
(-154.986 -4.6439e-19 30.2352)
(-154.262 3.54189e-19 30.2344)
(-155.824 2.42802e-19 30.5601)
(-158.651 -7.79532e-19 30.9589)
(-161.265 -2.59438e-19 31.1998)
(-163.167 -8.08826e-19 31.3943)
(-164.534 8.09781e-19 31.5658)
(-165.543 8.06357e-19 31.6853)
(-166.22 -1.72511e-19 31.7542)
(-166.658 9.05523e-20 31.7773)
(-166.926 4.67201e-19 31.7787)
(-167.176 -1.64824e-19 31.7676)
(-167.501 -6.94444e-19 31.7754)
(-167.742 -3.60635e-19 31.7589)
(-167.701 -4.76401e-20 31.6768)
(-167.398 4.33708e-19 31.5469)
(-167.025 -5.12367e-19 31.412)
(-166.738 6.9905e-19 31.2993)
(-166.438 -1.16429e-19 31.1862)
(-166.04 -4.22566e-19 31.0582)
(-165.52 -1.62752e-19 30.9099)
(-164.974 -3.5429e-19 30.7571)
(-164.51 3.84902e-20 30.6159)
(-164.13 -7.66526e-21 30.4874)
(-163.823 -1.65456e-19 30.3751)
(-163.525 1.42612e-19 30.2697)
(-163.188 -4.97755e-19 30.1623)
(-162.75 -3.56353e-20 30.0404)
(-162.215 3.31239e-19 29.9037)
(-161.707 -1.15358e-19 29.7738)
(-161.263 -2.47891e-19 29.6566)
(-160.817 2.24181e-19 29.5397)
(-160.299 -1.39693e-19 29.4121)
(-159.7 -3.94472e-19 29.2741)
(-159.073 3.51673e-19 29.1341)
(-158.496 5.2931e-19 29.0043)
(-158.015 -4.90874e-19 28.8931)
(-157.624 -1.08316e-19 28.8004)
(-157.326 2.0301e-19 28.7268)
(-157.12 -3.54078e-19 28.671)
(-156.958 -1.36848e-19 28.623)
(-156.784 -2.63495e-19 28.5715)
(-156.558 1.06781e-19 28.5099)
(-156.276 -6.06033e-21 28.4381)
(-155.964 2.03411e-20 28.3614)
(-155.667 -1.98825e-19 28.2888)
(-155.425 2.44985e-19 28.2287)
(-155.247 4.34105e-19 28.183)
(-155.129 2.62449e-19 28.1509)
(-155.045 -3.57684e-19 28.1258)
(-154.959 -5.00738e-19 28.1007)
(-154.834 -2.72742e-19 28.0676)
(-154.659 1.66641e-19 28.0248)
(-154.446 -5.35812e-20 27.9749)
(-154.234 1.47288e-20 27.925)
(-154.041 2.38195e-19 27.8784)
(-153.869 2.9205e-20 27.8366)
(-153.704 3.61294e-19 27.797)
(-153.514 4.78859e-20 27.7539)
(-153.285 -1.49763e-19 27.7064)
(-152.995 1.5145e-19 27.6483)
(-152.679 2.12527e-19 27.5911)
(-152.234 1.80195e-19 27.5017)
(-151.989 3.90454e-20 27.4754)
(-152.213 5.17254e-20 27.5402)
(-154.101 1.26621e-20 27.8799)
(-152.077 3.40175e-20 27.5061)
(-152.461 3.27884e-19 27.5851)
(-156.032 -1.56148e-19 28.218)
(-155.432 2.02846e-19 28.1036)
(-156.938 -4.81402e-20 28.3754)
(-156.027 -1.70052e-19 28.2149)
(-157.567 9.06413e-20 28.4955)
(-155.174 3.2115e-19 28.0676)
(-156.878 -3.5108e-19 28.3818)
(-156.3 -3.44725e-19 28.2794)
(-156.381 1.71285e-19 28.2965)
(-159.362 9.0695e-20 28.8432)
(-160.248 2.289e-19 29.0048)
(-157.762 8.88847e-20 28.5506)
(-163.292 -3.32029e-19 29.5515)
(-159.736 -1.69645e-19 28.9076)
(-159.227 1.54846e-19 28.8096)
(-163.061 5.03341e-20 29.5042)
(-162.41 -4.07114e-20 29.3768)
(-165.577 -2.34505e-19 29.94)
(-166.475 6.85647e-20 30.1054)
(-164.899 -5.76265e-19 29.8139)
(-166.927 -4.5162e-19 30.1738)
(-167.928 -7.16021e-20 30.3531)
(-163.327 -1.79718e-19 29.5185)
(-166.158 5.99821e-21 30.0316)
(-164.33 6.46906e-21 29.6985)
(-165.681 1.39467e-19 29.9209)
(-169.586 -2.12149e-19 30.6329)
(-168.118 2.08735e-19 30.3748)
(-166.347 -9.57454e-21 30.0697)
(-171.586 -1.95032e-19 30.5936)
(-202.717 2.58181e-19 39.2234)
(-192.939 0 9.17549)
(-170.065 0 4.20448)
(-156.878 0 2.479)
(-148.838 0 1.95627)
(-143.612 0 1.57092)
(-140.037 0 0.657859)
(-130.426 0 0.187076)
(-114.336 0 0.29381)
(-102.709 0 0.650964)
(-96.8 0 0.655279)
(-92.5089 0 0.578092)
(-88.7211 0 0.493894)
(-86.0373 0 0.424454)
(-84.0368 0 0.381161)
(-82.0066 0 0.36006)
(-79.9469 0 0.344232)
(-78.2718 0 0.324709)
(-77.0216 0 0.297661)
(-76.0443 0 0.27041)
(-75.2548 0 0.244451)
(-74.4514 0 0.225781)
(-73.5208 0 0.218606)
(-72.7428 0 0.206767)
(-72.1646 0 0.191288)
(-71.6324 0 0.177865)
(-71.1217 0 0.159293)
(-70.656 0 0.144373)
(-70.1591 0 0.137006)
(-69.5286 0 0.136058)
(-68.8544 0 0.165691)
(-68.6868 0 0.191657)
(-68.8336 0 0.177559)
(-69.062 0 0.154979)
(-69.3045 0 0.125451)
(-69.448 0 0.0836163)
(-69.2792 0 0.0489987)
(-68.639 0 0.0368585)
(-67.9969 0 0.115758)
(-68.0806 0 0.133688)
(-68.3826 0 0.144765)
(-68.8146 0 0.139047)
(-69.119 0 0.118446)
(-69.2647 0 0.0980874)
(-69.3089 0 0.0776436)
(-69.2242 0 0.0677153)
(-69.0356 0 0.0729211)
(-69.0531 0 0.105497)
(-69.2737 0 0.107776)
(-69.6577 0 0.111366)
(-70.0811 0 0.0993803)
(-70.2937 0 0.0822976)
(-70.39 0 0.0858469)
(-70.5498 0 0.0873395)
(-70.7628 0 0.0907509)
(-71.0474 0 0.0829745)
(-71.225 0 0.068271)
(-71.2736 0 0.0627471)
(-71.2706 0 0.0615122)
(-71.2789 0 0.0642369)
(-71.3398 0 0.0629989)
(-71.4534 0 0.0626111)
(-71.5991 0 0.0624088)
(-71.7781 0 0.0617767)
(-71.9168 0 0.0601177)
(-72.0461 0 0.0601101)
(-72.1939 0 0.0617641)
(-72.3659 0 0.0639906)
(-72.5609 0 0.0653304)
(-72.7564 0 0.0660476)
(-72.9386 0 0.0672565)
(-73.115 0 0.0691589)
(-73.3016 0 0.070442)
(-73.4949 0 0.0708594)
(-73.6572 0 0.0712748)
(-73.7811 0 0.0718147)
(-73.8756 0 0.0729387)
(-73.9665 0 0.0745139)
(-74.078 0 0.0769825)
(-74.201 0 0.0789785)
(-74.5176 0 0.0803861)
)
;
    }
    upstream
    {
        type            symmetryPlane;
    }
    defaultFaces
    {
        type            empty;
    }
}


// ************************************************************************* //
