/*--------------------------------*- C++ -*----------------------------------*\
  =========                 |
  \\      /  F ield         | OpenFOAM: The Open Source CFD Toolbox
   \\    /   O peration     | Website:  https://openfoam.org
    \\  /    A nd           | Version:  13
     \\/     M anipulation  |
\*---------------------------------------------------------------------------*/
FoamFile
{
    format      ascii;
    class       volScalarField;
    location    "0.001";
    object      Cf;
}
// * * * * * * * * * * * * * * * * * * * * * * * * * * * * * * * * * * * * * //

dimensions      [];

internalField   uniform 0;

boundaryField
{
    inlet
    {
        type            calculated;
        value           uniform 0;
    }
    outlet
    {
        type            calculated;
        value           uniform 0;
    }
    bottom
    {
        type            calculated;
        value           nonuniform List<scalar> 
196
(
0.00304026
0.00317098
0.00295313
0.00247625
0.00202519
0.00170497
0.00154594
0.00143212
0.0013744
0.00134355
0.0013544
0.00134134
0.00137257
0.00140883
0.00140459
0.00141504
0.00142468
0.00144064
0.00143863
0.00144383
0.00144861
0.00145206
0.00145058
0.00144693
0.00145335
0.00144018
0.00143706
0.00143421
0.00143101
0.00142874
0.00142648
0.00142433
0.00142206
0.00142279
0.00141884
0.00141724
0.00141607
0.001418
0.00142104
0.00142378
0.00142631
0.00142867
0.00143127
0.00143401
0.00143713
0.00143897
0.00144158
0.00144395
0.00145321
0.00145286
0.00144353
0.0014216
0.00136577
0.00127326
0.00119564
0.00115001
0.00112281
0.00110698
0.00109719
0.00109064
0.00108583
0.00108194
0.00107874
0.00107608
0.0010738
0.00107186
0.00107026
0.0010689
0.00106775
0.00106673
0.00106589
0.00106511
0.00106451
0.00106393
0.00106345
0.00106251
0.00106136
0.00106012
0.00105892
0.00105767
0.00105647
0.00105528
0.00105418
0.00105311
0.00105214
0.0010512
0.00105035
0.00104949
0.00104864
0.00104778
0.00104692
0.00104606
0.00104522
0.00104443
0.00104371
0.00104302
0.00104239
0.00104176
0.00104111
0.00104043
0.00103974
0.00103903
0.00103837
0.00103773
0.0010372
0.00103669
0.00103628
0.00103587
0.00103552
0.00103509
0.00103471
0.00103422
0.00103382
0.00103326
0.00103279
0.00103155
0.00103193
0.0010233
0.000972185
0.000712896
0.000246851
8.86104e-06
-0.000209741
-0.000344338
-0.000339553
-0.000459139
-0.000624287
-0.000654622
-0.000523438
-0.000289178
-2.24511e-06
0.000172468
0.000416549
0.000760099
0.00115714
0.00158898
0.001962
0.00232408
0.0026646
0.00294315
0.00320816
0.00347976
0.00370079
0.00384979
0.0039953
0.00412324
0.00422917
0.00431739
0.00439276
0.00445144
0.00449378
0.00451809
0.0045354
0.00455248
0.0045716
0.00458944
0.0045975
0.00459665
0.00459069
0.00458567
0.00457431
0.00456448
0.00455626
0.00455035
0.00454664
0.00453938
0.00452624
0.00451313
0.00449553
0.00447836
0.004465
0.0044539
0.0044466
0.00443873
0.00442996
0.00442068
0.00440956
0.00439773
0.00438867
0.00438273
0.00437619
0.0043681
0.00435203
0.00431679
0.004256
0.00417775
0.00409629
0.00402162
0.00395807
0.00390136
0.00384216
0.00377064
0.00367684
0.00355894
0.00343445
0.00324923
)
;
    }
    top
    {
        type            calculated;
        value           nonuniform List<scalar> 
190
(
0.00528382
0.00569338
0.00553186
0.00494768
0.00396392
0.00322843
0.00282114
0.00259292
0.00242673
0.00230689
0.00224765
0.00222572
0.00222074
0.00223221
0.00227018
0.00230584
0.00232957
0.00234258
0.00235081
0.00235833
0.00236507
0.00237107
0.00237708
0.00238144
0.00238266
0.00238168
0.00238038
0.00237935
0.00237787
0.00237429
0.00236802
0.00235969
0.00235061
0.00234195
0.00233422
0.00232688
0.00231974
0.00231274
0.00230636
0.0023016
0.00229774
0.00229346
0.00228824
0.00228212
0.00227583
0.0022698
0.0022645
0.00226027
0.00225678
0.00225298
0.00224797
0.00224149
0.00223399
0.00222638
0.00221961
0.00221442
0.00221091
0.00220863
0.00220692
0.00220504
0.00220226
0.00219803
0.00219254
0.00218643
0.00218051
0.00217534
0.00217124
0.00216797
0.00216522
0.00216264
0.00215993
0.00215693
0.00215328
0.00214945
0.00214447
0.00214166
0.0022046
0.00221516
0.00216355
0.00219946
0.00220212
0.00215552
0.00222446
0.00219501
0.00224061
0.00219704
0.00220129
0.00223218
0.00227935
0.00223236
0.00222556
0.00222406
0.00222847
0.0022341
0.00227581
0.00224711
0.00225288
0.00229108
0.00227425
0.00233947
0.00231922
0.002321
0.00233827
0.00235187
0.00229679
0.00237746
0.00232423
0.00230779
0.00235417
0.00274126
0.00272803
0.00246582
0.00221194
0.00207675
0.00202866
0.00196769
0.00194765
0.0019227
0.00181469
0.00162891
0.00148682
0.00139688
0.00132961
0.00128657
0.00125754
0.00123181
0.00120686
0.00118565
0.00116881
0.00115424
0.00114297
0.00113851
0.00113665
0.0011326
0.00112528
0.00111908
0.00111521
0.00111229
0.00111086
0.00111067
0.00110914
0.00110348
0.00109447
0.00108964
0.00109022
0.00109328
0.00109794
0.00110155
0.00110193
0.00109763
0.00108691
0.00108045
0.00108164
0.00108562
0.00109001
0.00109121
0.00108881
0.00108221
0.00107687
0.00107631
0.00107759
0.00107904
0.00107915
0.00107712
0.00107358
0.0010709
0.00106977
0.00106916
0.00106822
0.00106649
0.00106448
0.00106346
0.00106341
0.00106361
0.00106335
0.00106222
0.00106048
0.00105887
0.00105783
0.00105715
0.00105663
0.00105613
0.00105549
0.00105455
0.00105321
0.00105151
0.00104982
0.00104841
0.00104767
0.00104634
)
;
    }
    upstream
    {
        type            symmetryPlane;
    }
    defaultFaces
    {
        type            empty;
    }
}


// ************************************************************************* //
