/*--------------------------------*- C++ -*----------------------------------*\
  =========                 |
  \\      /  F ield         | OpenFOAM: The Open Source CFD Toolbox
   \\    /   O peration     | Website:  https://openfoam.org
    \\  /    A nd           | Version:  13
     \\/     M anipulation  |
\*---------------------------------------------------------------------------*/
FoamFile
{
    format      ascii;
    class       volVectorField;
    location    "0.001";
    object      wallShearStress;
}
// * * * * * * * * * * * * * * * * * * * * * * * * * * * * * * * * * * * * * //

dimensions      [1 -1 -2 0 0 0 0];

internalField   uniform (0 0 0);

boundaryField
{
    inlet
    {
        type            calculated;
        value           uniform (0 0 0);
    }
    outlet
    {
        type            calculated;
        value           uniform (0 0 0);
    }
    bottom
    {
        type            calculated;
        value           nonuniform List<vector> 
196
(
(-213.288 0 -4.72188)
(-222.458 0 0.68314)
(-207.175 0 5.2457)
(-173.72 0 3.92604)
(-142.076 0 0.240719)
(-119.611 0 -2.37228)
(-108.455 -1.30372e-21 -2.5844)
(-100.47 -1.12856e-21 -2.86953)
(-96.4203 9.31583e-22 -2.91564)
(-94.2559 9.5165e-22 -2.73079)
(-95.017 -1.00943e-22 -2.59292)
(-94.1009 -5.0832e-22 -2.40343)
(-96.292 -4.4198e-23 -2.30592)
(-98.836 5.09916e-22 -2.20795)
(-98.5383 -2.53001e-23 -2.07553)
(-99.2713 -1.65301e-22 -1.95909)
(-99.9478 -1.12138e-22 -1.83334)
(-101.067 -4.88222e-22 -1.7232)
(-100.926 -1.35887e-22 -1.59634)
(-101.291 -3.85908e-23 -1.48704)
(-101.627 3.00876e-22 -1.3829)
(-101.868 -3.5041e-22 -1.29847)
(-101.765 3.58837e-23 -1.22656)
(-101.509 5.89761e-22 -1.14824)
(-101.959 -3.73495e-22 -1.07985)
(-101.035 -6.70252e-22 -1.00477)
(-100.816 -7.93029e-22 -0.948089)
(-100.616 1.35296e-22 -0.898234)
(-100.392 -3.76533e-22 -0.85921)
(-100.233 3.75912e-22 -0.826036)
(-100.074 8.95745e-22 -0.797289)
(-99.9232 -7.9554e-22 -0.774482)
(-99.7639 8.79461e-23 -0.76234)
(-99.8149 -2.93689e-22 -0.755515)
(-99.5383 3.92148e-22 -0.750708)
(-99.4257 -2.71092e-23 -0.752633)
(-99.3439 -3.73124e-22 -0.751626)
(-99.4788 4.5186e-22 -0.735408)
(-99.6926 -6.6423e-22 -0.72764)
(-99.8847 -7.26595e-23 -0.71868)
(-100.062 4.3954e-22 -0.710649)
(-100.228 -6.07046e-24 -0.706342)
(-100.41 -4.66261e-22 -0.694001)
(-100.602 7.65285e-22 -0.692052)
(-100.821 -3.45673e-22 -0.681521)
(-100.95 -1.48348e-22 -0.660129)
(-101.134 5.46632e-23 -0.658123)
(-101.299 1.76589e-22 -0.682796)
(-101.949 2.20137e-22 -0.664547)
(-101.925 5.2202e-23 -0.598702)
(-101.27 -4.33301e-22 -0.557683)
(-99.7316 4.63497e-22 -0.432355)
(-95.8145 -5.21301e-23 -0.291791)
(-89.3251 -2.5014e-22 -0.26564)
(-83.8795 4.67339e-22 -0.333766)
(-80.6783 3.08399e-22 -0.386388)
(-78.7702 -4.0841e-22 -0.386435)
(-77.6596 3.60125e-22 -0.370788)
(-76.9724 1.11768e-22 -0.358001)
(-76.5134 3.56016e-22 -0.348764)
(-76.1759 1.96974e-22 -0.341885)
(-75.9028 -3.73714e-22 -0.336792)
(-75.6788 3.14765e-22 -0.331999)
(-75.4915 -1.05967e-22 -0.327449)
(-75.332 -1.17741e-22 -0.323216)
(-75.1955 1.17314e-22 -0.319116)
(-75.0838 -6.53077e-23 -0.315238)
(-74.9878 5.66632e-23 -0.311591)
(-74.9073 -2.84239e-22 -0.308111)
(-74.8358 -1.10891e-22 -0.304692)
(-74.7772 -3.72153e-22 -0.301392)
(-74.7224 2.03196e-24 -0.298158)
(-74.6805 2.39923e-22 -0.29504)
(-74.6394 -7.89589e-23 -0.291931)
(-74.6057 -1.61527e-22 -0.289615)
(-74.5399 -8.15436e-24 -0.287766)
(-74.4588 2.64802e-22 -0.284839)
(-74.3724 -2.83422e-22 -0.281362)
(-74.2877 -5.27717e-23 -0.277898)
(-74.1999 -9.99149e-23 -0.274595)
(-74.116 -6.90744e-23 -0.271307)
(-74.0326 -5.0442e-23 -0.268111)
(-73.9557 4.35927e-23 -0.264926)
(-73.8802 -9.61275e-23 -0.26183)
(-73.812 3.0482e-23 -0.25877)
(-73.7465 1.6435e-22 -0.255727)
(-73.6866 -1.29507e-22 -0.252753)
(-73.6262 1.19062e-22 -0.249747)
(-73.5669 -8.3004e-23 -0.246865)
(-73.5061 -4.32576e-23 -0.243956)
(-73.446 1.32276e-22 -0.241276)
(-73.3856 -8.73538e-24 -0.238452)
(-73.3272 -2.15396e-23 -0.235797)
(-73.2717 -1.41446e-22 -0.232949)
(-73.2206 1.82853e-22 -0.230367)
(-73.1725 1.33335e-24 -0.227681)
(-73.128 -1.13637e-23 -0.225147)
(-73.084 4.98375e-23 -0.222468)
(-73.0385 -2.57214e-24 -0.220015)
(-72.9905 -8.38709e-23 -0.217419)
(-72.9423 -3.36236e-23 -0.215102)
(-72.8926 -8.42312e-23 -0.212668)
(-72.8462 5.45721e-23 -0.210355)
(-72.8017 1.25504e-22 -0.207851)
(-72.764 -2.63322e-23 -0.205428)
(-72.7282 -9.27926e-23 -0.202952)
(-72.7 -1.4112e-22 -0.200656)
(-72.6709 1.93828e-23 -0.198266)
(-72.6462 -1.58631e-22 -0.196177)
(-72.616 1.92057e-23 -0.193842)
(-72.5896 -6.13956e-23 -0.192043)
(-72.555 2.82507e-23 -0.189663)
(-72.5274 -1.41746e-23 -0.188303)
(-72.4881 2.07376e-23 -0.185686)
(-72.4548 4.20722e-23 -0.186585)
(-72.3676 -1.95231e-22 -0.175884)
(-72.3943 0 -0.182985)
(-71.789 0 -0.236836)
(-68.2031 0 -0.512493)
(-50.0128 0 -1.17737)
(-17.3177 0 0.368362)
(-0.621641 0 -0.222766)
(14.7142 0 -0.563698)
(24.1569 0 -0.0771211)
(23.8212 0 0.323373)
(32.2107 0 0.419633)
(43.7965 0 0.561297)
(45.9246 0 0.575234)
(36.7215 0 1.10575)
(20.2871 0 1.80421)
(0.157505 0 1.63272)
(-12.0994 0 0.979388)
(-29.2227 0 1.30761)
(-53.3243 0 1.48487)
(-81.1786 0 1.78093)
(-111.474 0 1.31966)
(-137.643 0 0.808992)
(-163.045 0 1.53193)
(-186.934 0 1.4302)
(-206.475 0 0.93714)
(-225.067 0 0.7615)
(-244.12 0 0.783884)
(-259.627 0 0.366486)
(-270.08 0 0.0234056)
(-280.288 0 -0.100159)
(-289.264 0 -0.235534)
(-296.695 0 -0.406542)
(-302.884 0 -0.551221)
(-308.172 0 -0.651043)
(-312.288 0 -0.745416)
(-315.259 0 -0.835182)
(-316.964 0 -0.887782)
(-318.178 0 -0.906801)
(-319.376 0 -0.911096)
(-320.718 0 -0.928157)
(-321.97 0 -0.979649)
(-322.535 0 -1.02431)
(-322.476 0 -1.04145)
(-322.057 0 -1.04053)
(-321.705 0 -1.04434)
(-320.909 0 -1.0626)
(-320.218 0 -1.06528)
(-319.642 0 -1.05751)
(-319.227 0 -1.04312)
(-318.967 0 -1.0315)
(-318.458 0 -1.02275)
(-317.536 0 -1.04764)
(-316.616 0 -1.05433)
(-315.382 0 -1.07446)
(-314.177 0 -1.07079)
(-313.24 0 -1.05902)
(-312.461 0 -1.04317)
(-311.949 0 -1.03401)
(-311.396 0 -1.03131)
(-310.781 0 -1.0325)
(-310.13 0 -1.03598)
(-309.35 0 -1.03074)
(-308.52 0 -1.01615)
(-307.885 0 -1.0016)
(-307.468 0 -0.991997)
(-307.009 0 -0.99024)
(-306.442 0 -0.999868)
(-305.314 0 -1.03289)
(-302.842 0 -1.08755)
(-298.577 0 -1.14084)
(-293.088 0 -1.15714)
(-287.373 0 -1.13695)
(-282.134 0 -1.10005)
(-277.676 0 -1.06546)
(-273.698 0 -1.05153)
(-269.545 0 -1.05397)
(-264.527 0 -1.06822)
(-257.947 0 -1.0786)
(-249.676 0 -1.06577)
(-240.942 0 -1.02385)
(-227.948 0 -0.966469)
)
;
    }
    top
    {
        type            calculated;
        value           nonuniform List<vector> 
190
(
(-370.683 -1.58521e-19 56.9092)
(-399.416 -7.64651e-19 69.5851)
(-388.085 3.28171e-19 63.6098)
(-347.102 5.77812e-20 58.4954)
(-278.087 -3.49989e-19 48.862)
(-226.488 -1.20984e-19 40.6344)
(-197.915 7.26801e-20 37.9418)
(-181.905 -1.04596e-18 36.3481)
(-170.246 -2.43854e-18 34.5011)
(-161.839 8.65846e-19 32.7975)
(-157.682 7.56657e-19 31.4984)
(-156.144 -5.60243e-19 30.9371)
(-155.795 3.4459e-19 30.6697)
(-156.6 2.19102e-19 30.4743)
(-159.263 -6.74662e-19 30.7458)
(-161.765 -2.71532e-19 31.1248)
(-163.43 -7.99451e-19 31.4271)
(-164.343 8.38894e-19 31.5624)
(-164.92 8.35808e-19 31.6174)
(-165.447 -1.46208e-19 31.6668)
(-165.92 1.14224e-19 31.7024)
(-166.341 4.83061e-19 31.7209)
(-166.763 -1.70913e-19 31.7324)
(-167.068 -7.18273e-19 31.7224)
(-167.154 -3.55513e-19 31.6743)
(-167.085 -8.09897e-20 31.5926)
(-166.994 3.99569e-19 31.5049)
(-166.922 -5.21511e-19 31.4246)
(-166.818 7.00814e-19 31.3394)
(-166.567 -1.06262e-19 31.2249)
(-166.127 -4.28377e-19 31.0719)
(-165.543 -1.66251e-19 30.9038)
(-164.906 -3.58441e-19 30.7323)
(-164.298 4.122e-20 30.5758)
(-163.756 4.80952e-21 30.4393)
(-163.241 -1.85324e-19 30.3099)
(-162.74 1.46759e-19 30.1807)
(-162.249 -5.2599e-19 30.0461)
(-161.801 -3.70833e-20 29.9106)
(-161.468 3.46195e-19 29.796)
(-161.197 -1.20351e-19 29.6962)
(-160.896 -2.53166e-19 29.5955)
(-160.53 2.30077e-19 29.4927)
(-160.101 -1.41144e-19 29.3882)
(-159.659 -4.01066e-19 29.286)
(-159.237 3.59096e-19 29.187)
(-158.865 5.57883e-19 29.0963)
(-158.568 -5.0569e-19 29.0192)
(-158.323 -1.08706e-19 28.9507)
(-158.057 2.19303e-19 28.8764)
(-157.705 -3.69969e-19 28.7855)
(-157.251 -1.40067e-19 28.6762)
(-156.724 -2.65911e-19 28.5555)
(-156.19 1.09213e-19 28.4361)
(-155.716 -6.03564e-21 28.3311)
(-155.352 2.3076e-20 28.2485)
(-155.105 -2.01579e-19 28.1888)
(-154.945 2.46381e-19 28.1467)
(-154.825 4.38092e-19 28.1102)
(-154.694 2.6247e-19 28.0709)
(-154.499 -3.55407e-19 28.0193)
(-154.202 -4.89617e-19 27.9478)
(-153.817 -2.66507e-19 27.863)
(-153.388 1.53547e-19 27.7732)
(-152.973 -4.80214e-20 27.6891)
(-152.61 1.40018e-20 27.6168)
(-152.322 2.26736e-19 27.5594)
(-152.093 2.99408e-20 27.513)
(-151.9 3.54323e-19 27.4737)
(-151.719 4.72273e-20 27.4373)
(-151.529 -1.50503e-19 27.3995)
(-151.318 1.51423e-19 27.3589)
(-151.062 2.12907e-19 27.3087)
(-150.793 1.80158e-19 27.2599)
(-150.444 3.71913e-20 27.1879)
(-150.247 5.10954e-20 27.1706)
(-154.663 1.52944e-20 27.9901)
(-155.403 3.36981e-20 28.1192)
(-151.782 3.24485e-19 27.4779)
(-154.302 -1.52087e-19 27.9287)
(-154.489 1.95977e-19 27.9626)
(-151.219 -4.56108e-20 27.3732)
(-156.056 -1.6744e-19 28.2446)
(-153.99 9.11018e-20 27.8604)
(-157.189 3.16683e-19 28.4316)
(-154.132 -3.37854e-19 27.8766)
(-154.43 -3.30769e-19 27.9254)
(-156.597 1.62379e-19 28.3074)
(-159.907 8.50156e-20 28.9064)
(-156.61 2.0991e-19 28.3118)
(-156.133 8.40713e-20 28.2196)
(-156.028 -2.96156e-19 28.194)
(-156.337 -1.54305e-19 28.2534)
(-156.732 1.42278e-19 28.3222)
(-159.658 4.62966e-20 28.8439)
(-157.645 -3.62467e-20 28.4809)
(-158.05 -2.075e-19 28.5557)
(-160.729 5.54105e-20 29.037)
(-159.549 -5.18815e-19 28.8181)
(-164.124 -4.16687e-19 29.6409)
(-162.704 -6.68852e-20 29.3884)
(-162.829 -1.70801e-19 29.4117)
(-164.04 3.59196e-21 29.6293)
(-164.994 5.82259e-21 29.7945)
(-161.13 1.3876e-19 29.1077)
(-166.79 -2.05322e-19 30.1278)
(-163.055 1.97467e-19 29.465)
(-161.902 -8.60337e-21 29.2244)
(-165.156 -1.68497e-19 29.4726)
(-192.311 2.18891e-19 37.1121)
(-191.384 0 7.67085)
(-172.988 0 3.65959)
(-155.177 0 2.53926)
(-145.694 0 1.6998)
(-142.319 0 1.38408)
(-138.042 0 1.40488)
(-136.636 0 1.11906)
(-134.886 0 0.512436)
(-127.308 0 0.230756)
(-114.275 0 0.245171)
(-104.307 0 0.489626)
(-97.9973 0 0.552511)
(-93.2778 0 0.529716)
(-90.2584 0 0.470244)
(-88.2224 0 0.412904)
(-86.4169 0 0.374979)
(-84.6667 0 0.343388)
(-83.1784 0 0.322732)
(-81.9973 0 0.295912)
(-80.9748 0 0.274022)
(-80.1845 0 0.261983)
(-79.8713 0 0.254282)
(-79.7413 0 0.238013)
(-79.4573 0 0.229824)
(-78.9435 0 0.221433)
(-78.5086 0 0.22085)
(-78.237 0 0.21351)
(-78.0322 0 0.203319)
(-77.9319 0 0.190152)
(-77.9187 0 0.171952)
(-77.8109 0 0.154054)
(-77.4141 0 0.143317)
(-76.7821 0 0.159856)
(-76.4429 0 0.195969)
(-76.4835 0 0.209243)
(-76.6982 0 0.200496)
(-77.0251 0 0.187746)
(-77.2786 0 0.161631)
(-77.3057 0 0.127116)
(-77.0036 0 0.0997296)
(-76.2518 0 0.106366)
(-75.7987 0 0.164481)
(-75.8817 0 0.172846)
(-76.1613 0 0.176765)
(-76.4691 0 0.161851)
(-76.5534 0 0.13563)
(-76.3849 0 0.11135)
(-75.9221 0 0.10877)
(-75.5474 0 0.130357)
(-75.508 0 0.144287)
(-75.5978 0 0.144347)
(-75.6997 0 0.138611)
(-75.7071 0 0.127462)
(-75.5647 0 0.118671)
(-75.3164 0 0.118184)
(-75.1281 0 0.124609)
(-75.0492 0 0.128264)
(-75.0065 0 0.126444)
(-74.9407 0 0.121748)
(-74.8192 0 0.117193)
(-74.6779 0 0.115766)
(-74.6067 0 0.117037)
(-74.6029 0 0.11641)
(-74.6167 0 0.112905)
(-74.5986 0 0.108731)
(-74.5194 0 0.10577)
(-74.3975 0 0.105373)
(-74.2842 0 0.107307)
(-74.2118 0 0.109286)
(-74.1639 0 0.110556)
(-74.1275 0 0.110649)
(-74.0924 0 0.110117)
(-74.047 0 0.108341)
(-73.9815 0 0.105977)
(-73.8877 0 0.102965)
(-73.7685 0 0.100768)
(-73.6497 0 0.0995361)
(-73.5509 0 0.0993201)
(-73.4989 0 0.0988135)
(-73.4054 0 0.0993557)
)
;
    }
    upstream
    {
        type            symmetryPlane;
    }
    defaultFaces
    {
        type            empty;
    }
}


// ************************************************************************* //
