/*--------------------------------*- C++ -*----------------------------------*\
  =========                 |
  \\      /  F ield         | OpenFOAM: The Open Source CFD Toolbox
   \\    /   O peration     | Website:  https://openfoam.org
    \\  /    A nd           | Version:  13
     \\/     M anipulation  |
\*---------------------------------------------------------------------------*/
FoamFile
{
    format      ascii;
    class       volScalarField;
    location    "0.0002";
    object      Cf;
}
// * * * * * * * * * * * * * * * * * * * * * * * * * * * * * * * * * * * * * //

dimensions      [];

internalField   uniform 0;

boundaryField
{
    inlet
    {
        type            calculated;
        value           uniform 0;
    }
    outlet
    {
        type            calculated;
        value           uniform 0;
    }
    bottom
    {
        type            calculated;
        value           nonuniform List<scalar> 
196
(
0.00307934
0.00317101
0.00295341
0.00244636
0.00202436
0.00169862
0.00153836
0.00143155
0.0013749
0.00134866
0.00133216
0.00136079
0.00136529
0.00138851
0.00140456
0.00143298
0.00142964
0.00143179
0.00143878
0.00144414
0.00146088
0.00145224
0.00145123
0.00144847
0.0014499
0.00145816
0.00144162
0.0014473
0.00143921
0.00143798
0.00143728
0.00143677
0.00143587
0.00143625
0.00143706
0.00143829
0.00143999
0.00144239
0.00144989
0.0014492
0.00145361
0.00145835
0.00146342
0.00146901
0.00147282
0.00147739
0.00148275
0.00148679
0.00149168
0.00149619
0.00150387
0.00150853
0.00151335
0.00152843
0.00153427
0.00153179
0.00151717
0.00147623
0.00141507
0.0013162
0.00123265
0.00118729
0.00116629
0.00115544
0.00114814
0.00114157
0.00113615
0.00113323
0.00113225
0.00113228
0.00113279
0.00113396
0.00113559
0.0011368
0.00113639
0.00113455
0.0011355
0.00113726
0.00113853
0.00113923
0.00113974
0.00114021
0.00114051
0.00114072
0.00114085
0.00114096
0.00114103
0.00114111
0.00114118
0.00114129
0.00114139
0.00114151
0.00114162
0.00114171
0.00114181
0.00114192
0.00114204
0.00114217
0.00114232
0.00114247
0.00114261
0.00114272
0.00114282
0.00114291
0.00114304
0.00114325
0.00114357
0.00114388
0.00114426
0.00114466
0.00114514
0.00114562
0.00114618
0.00114663
0.00114715
0.0011467
0.00114926
0.00114901
0.00114854
0.00114799
0.00114747
0.00114702
0.00114668
0.00114642
0.00114626
0.00114619
0.00114622
0.00114633
0.00114648
0.00114666
0.00114685
0.00114706
0.00114726
0.00114744
0.00114761
0.00114777
0.00114795
0.00114813
0.0011483
0.00114846
0.0011486
0.00114874
0.00114887
0.00114903
0.00114924
0.00114951
0.00114978
0.00115003
0.00115027
0.0011505
0.0011507
0.00115087
0.00115103
0.00115122
0.00115144
0.00115169
0.00115195
0.00115224
0.00115258
0.00115294
0.0011533
0.00115363
0.00115394
0.00115422
0.0011545
0.0011548
0.00115509
0.00115532
0.00115546
0.00115558
0.00115574
0.00115596
0.00115618
0.00115632
0.00115649
0.00115683
0.00115714
0.00115737
0.00115751
0.00115761
0.00115768
0.00115777
0.00115782
0.00115784
0.00115784
0.00115783
0.00115781
0.00115779
0.00115778
0.00115777
0.00115776
0.00115775
0.00115775
0.00115775
0.00115774
0.00115773
)
;
    }
    top
    {
        type            calculated;
        value           nonuniform List<scalar> 
190
(
0.00527788
0.00594441
0.00554742
0.00475965
0.00391271
0.00328735
0.00285221
0.00255272
0.00238771
0.00230924
0.0022703
0.00224626
0.0022369
0.00224476
0.00227755
0.00230918
0.00232947
0.00234291
0.00235472
0.00236491
0.00237214
0.00237716
0.00238124
0.00238616
0.00239101
0.00239451
0.00239495
0.00238955
0.0023843
0.00238039
0.00237296
0.00236163
0.00235044
0.00234294
0.00233901
0.00233551
0.00233118
0.00232758
0.002326
0.00232582
0.00232593
0.00232513
0.00232447
0.00232478
0.00232499
0.0023244
0.00232286
0.00232104
0.00232068
0.00232054
0.00232019
0.00232058
0.00232229
0.00232575
0.00233128
0.00233887
0.00234953
0.00236151
0.00237387
0.00238475
0.00239236
0.00239767
0.00240169
0.00240514
0.0024074
0.00240838
0.0024089
0.00240915
0.00241028
0.00241344
0.00241473
0.00241407
0.00241286
0.00241181
0.00241109
0.00241053
0.00240999
0.00240958
0.0024092
0.00240872
0.00240833
0.00240778
0.00240629
0.00240421
0.00240249
0.00240187
0.00240247
0.00245173
0.00250443
0.00245366
0.00252094
0.00248671
0.00243496
0.00244718
0.00254067
0.00246288
0.00245015
0.00249834
0.00254021
0.00248093
0.00252814
0.00257335
0.00255032
0.00248117
0.00258494
0.00250405
0.00257003
0.00253818
0.00252375
0.00301807
0.00289146
0.00257401
0.00232587
0.00221606
0.00216444
0.00201236
0.00177027
0.00154948
0.00137619
0.00128253
0.0012464
0.00121652
0.0011837
0.00116483
0.00114733
0.00112199
0.00110553
0.00109782
0.00109008
0.00108186
0.00107367
0.00106584
0.00105896
0.00105441
0.00105191
0.00104975
0.00105189
0.00105115
0.00104402
0.00103927
0.00103919
0.0010402
0.0010424
0.00104602
0.00105246
0.00105979
0.00106622
0.00106825
0.00106514
0.00106209
0.00106152
0.00106068
0.00106041
0.00106545
0.00107487
0.00107845
0.00107938
0.00107907
0.00107827
0.00107862
0.00108174
0.00109018
0.00109497
0.00109593
0.00109575
0.0010964
0.00109775
0.00109869
0.00109854
0.00109781
0.001096
0.00109003
0.0010843
0.00108424
0.00108798
0.00109386
0.00110275
0.00111605
0.00113068
0.0011483
0.00116555
0.00117988
0.00119127
0.00119866
0.00120287
0.00120654
0.0012117
0.00121406
0.00121451
0.00121282
)
;
    }
    upstream
    {
        type            symmetryPlane;
    }
    defaultFaces
    {
        type            empty;
    }
}


// ************************************************************************* //
