/*--------------------------------*- C++ -*----------------------------------*\
  =========                 |
  \\      /  F ield         | OpenFOAM: The Open Source CFD Toolbox
   \\    /   O peration     | Website:  https://openfoam.org
    \\  /    A nd           | Version:  13
     \\/     M anipulation  |
\*---------------------------------------------------------------------------*/
FoamFile
{
    format      ascii;
    class       volVectorField;
    location    "0.0002";
    object      wallShearStress;
}
// * * * * * * * * * * * * * * * * * * * * * * * * * * * * * * * * * * * * * //

dimensions      [1 -1 -2 0 0 0 0];

internalField   uniform (0 0 0);

boundaryField
{
    inlet
    {
        type            calculated;
        value           uniform (0 0 0);
    }
    outlet
    {
        type            calculated;
        value           uniform (0 0 0);
    }
    bottom
    {
        type            calculated;
        value           nonuniform List<vector> 
196
(
(-216.03 0 -4.77542)
(-222.461 0 0.681603)
(-207.195 0 5.25103)
(-171.623 0 3.86475)
(-142.018 0 0.208134)
(-119.166 0 -2.38368)
(-107.923 -1.29665e-21 -2.57891)
(-100.43 -1.13751e-21 -2.87524)
(-96.4554 9.21558e-22 -2.91444)
(-94.6146 9.60188e-22 -2.75035)
(-93.4572 -1.00131e-22 -2.55996)
(-95.4652 -5.16153e-22 -2.44996)
(-95.7813 -4.4223e-23 -2.3039)
(-97.4105 5.04432e-22 -2.18395)
(-98.5363 -2.52136e-23 -2.07482)
(-100.53 -1.67147e-22 -1.98241)
(-100.295 -1.12668e-22 -1.8397)
(-100.447 -4.86846e-22 -1.71515)
(-100.937 -1.35942e-22 -1.59774)
(-101.313 -3.84812e-23 -1.48667)
(-102.487 3.03454e-22 -1.39647)
(-101.881 -3.50068e-22 -1.29879)
(-101.811 3.58309e-23 -1.22635)
(-101.616 5.89278e-22 -1.14935)
(-101.717 -3.72226e-22 -1.07996)
(-102.296 -6.78193e-22 -1.02153)
(-101.136 -7.94169e-22 -0.954125)
(-101.535 1.36308e-22 -0.914509)
(-100.967 -3.77223e-22 -0.869559)
(-100.881 3.78095e-22 -0.836843)
(-100.832 9.01348e-22 -0.809366)
(-100.796 -8.03882e-22 -0.783566)
(-100.733 8.91298e-23 -0.774835)
(-100.759 -2.97477e-22 -0.769286)
(-100.816 3.96296e-22 -0.760228)
(-100.902 -2.72452e-23 -0.759128)
(-101.022 -3.79761e-22 -0.765472)
(-101.19 4.76673e-22 -0.774018)
(-101.716 -7.17761e-22 -0.779236)
(-101.668 -7.89296e-23 -0.77616)
(-101.977 4.83067e-22 -0.776396)
(-102.31 -6.74118e-24 -0.778809)
(-102.665 -5.3258e-22 -0.785163)
(-103.057 8.63326e-22 -0.77438)
(-103.325 -3.87388e-22 -0.762968)
(-103.646 -1.76306e-22 -0.779546)
(-104.022 6.39904e-23 -0.769412)
(-104.305 2.08913e-22 -0.765601)
(-104.648 2.70106e-22 -0.772174)
(-104.964 6.25097e-23 -0.780519)
(-105.503 -5.12092e-22 -0.772894)
(-105.83 5.55552e-22 -0.74523)
(-106.169 -5.71124e-23 -0.783076)
(-107.226 -2.61317e-22 -0.785468)
(-107.636 5.78389e-22 -0.737406)
(-107.462 4.35816e-22 -0.7061)
(-106.436 -6.36616e-22 -0.607133)
(-103.564 6.19883e-22 -0.502352)
(-99.2735 2.03022e-22 -0.420144)
(-92.3372 6.93462e-22 -0.43161)
(-86.4762 3.44749e-22 -0.474468)
(-83.2939 -5.97396e-22 -0.506745)
(-81.8203 4.8413e-22 -0.505393)
(-81.0596 -1.62565e-22 -0.494813)
(-80.5474 -1.80024e-22 -0.481559)
(-80.0863 1.78971e-22 -0.470772)
(-79.7057 -1.00469e-22 -0.46391)
(-79.5014 8.7656e-23 -0.454929)
(-79.4326 -4.40162e-22 -0.446732)
(-79.4345 -1.71555e-22 -0.440597)
(-79.4705 -5.78223e-22 -0.438952)
(-79.5521 3.19113e-24 -0.442406)
(-79.6669 3.82409e-22 -0.451839)
(-79.7519 -1.28906e-22 -0.46603)
(-79.7226 -2.65817e-22 -0.462233)
(-79.5938 -1.35072e-23 -0.466761)
(-79.6602 4.53453e-22 -0.465958)
(-79.784 -4.75296e-22 -0.455061)
(-79.8727 -8.99192e-23 -0.449711)
(-79.9223 -1.72363e-22 -0.444934)
(-79.9576 -1.20284e-22 -0.441951)
(-79.9907 -8.87044e-23 -0.440169)
(-80.0117 7.76077e-23 -0.439675)
(-80.0266 -1.73289e-22 -0.439365)
(-80.0356 5.5636e-23 -0.439166)
(-80.0432 3.03546e-22 -0.438758)
(-80.0481 -2.42021e-22 -0.438426)
(-80.0541 2.25097e-22 -0.437949)
(-80.0589 -1.58749e-22 -0.437689)
(-80.0668 -8.36933e-23 -0.43736)
(-80.0739 2.58786e-22 -0.437351)
(-80.0821 -1.72851e-23 -0.437222)
(-80.0895 -4.3092e-23 -0.437354)
(-80.0962 -2.86221e-22 -0.43737)
(-80.1033 3.74093e-22 -0.437709)
(-80.1106 2.75792e-24 -0.437884)
(-80.1195 -2.37691e-23 -0.438501)
(-80.1282 1.05454e-22 -0.43897)
(-80.1392 -5.50628e-24 -0.439949)
(-80.1494 -1.81695e-22 -0.440786)
(-80.1593 -7.36848e-23 -0.442067)
(-80.1671 -1.86642e-22 -0.442988)
(-80.1738 1.22288e-22 -0.444375)
(-80.1801 2.84384e-22 -0.44536)
(-80.1895 -6.03477e-23 -0.446669)
(-80.2042 -2.1456e-22 -0.446995)
(-80.2262 -3.29614e-22 -0.447811)
(-80.2481 4.56942e-23 -0.447993)
(-80.2751 -3.77322e-22 -0.448315)
(-80.3028 4.60963e-23 -0.447999)
(-80.3368 -1.48408e-22 -0.447806)
(-80.3701 6.88604e-23 -0.446897)
(-80.4097 -3.47333e-23 -0.446743)
(-80.4414 5.12305e-23 -0.445402)
(-80.4779 1.04111e-22 -0.448266)
(-80.4462 -4.93771e-22 -0.435607)
(-80.6255 0 -0.437147)
(-80.6081 0 -0.436817)
(-80.5749 0 -0.436701)
(-80.5367 0 -0.436319)
(-80.5 0 -0.435735)
(-80.4688 0 -0.435148)
(-80.4444 0 -0.434672)
(-80.4266 0 -0.434354)
(-80.4149 0 -0.434187)
(-80.4104 0 -0.434109)
(-80.4128 0 -0.434048)
(-80.4203 0 -0.43424)
(-80.4308 0 -0.434529)
(-80.4432 0 -0.434874)
(-80.457 0 -0.43537)
(-80.4712 0 -0.436068)
(-80.4852 0 -0.436863)
(-80.4981 0 -0.437734)
(-80.5097 0 -0.438656)
(-80.5212 0 -0.439535)
(-80.5337 0 -0.440366)
(-80.5464 0 -0.441121)
(-80.5586 0 -0.441731)
(-80.5698 0 -0.442247)
(-80.5796 0 -0.442676)
(-80.5889 0 -0.443016)
(-80.5984 0 -0.443302)
(-80.6095 0 -0.443512)
(-80.6246 0 -0.443633)
(-80.643 0 -0.443627)
(-80.662 0 -0.443462)
(-80.68 0 -0.443209)
(-80.6969 0 -0.442977)
(-80.7126 0 -0.442669)
(-80.7265 0 -0.442234)
(-80.7387 0 -0.441737)
(-80.75 0 -0.441092)
(-80.7631 0 -0.440334)
(-80.7788 0 -0.439736)
(-80.7959 0 -0.439276)
(-80.8144 0 -0.438928)
(-80.8348 0 -0.438623)
(-80.8584 0 -0.438217)
(-80.8842 0 -0.437758)
(-80.9093 0 -0.437365)
(-80.9326 0 -0.437069)
(-80.9541 0 -0.436824)
(-80.9739 0 -0.436552)
(-80.9935 0 -0.436073)
(-81.0145 0 -0.435321)
(-81.0348 0 -0.434372)
(-81.0505 0 -0.433375)
(-81.0605 0 -0.432567)
(-81.0689 0 -0.432091)
(-81.08 0 -0.431759)
(-81.0957 0 -0.43153)
(-81.1111 0 -0.431436)
(-81.1208 0 -0.43096)
(-81.1332 0 -0.430602)
(-81.1571 0 -0.430708)
(-81.1783 0 -0.431195)
(-81.1944 0 -0.431589)
(-81.2048 0 -0.431808)
(-81.2113 0 -0.432062)
(-81.2165 0 -0.432271)
(-81.2225 0 -0.432402)
(-81.2263 0 -0.432328)
(-81.2273 0 -0.432359)
(-81.2274 0 -0.432366)
(-81.2268 0 -0.432373)
(-81.2256 0 -0.432374)
(-81.2244 0 -0.432355)
(-81.2235 0 -0.432328)
(-81.2228 0 -0.432306)
(-81.2217 0 -0.432363)
(-81.2213 0 -0.432413)
(-81.2212 0 -0.432415)
(-81.221 0 -0.432408)
(-81.2207 0 -0.432393)
(-81.2199 0 -0.432388)
)
;
    }
    top
    {
        type            calculated;
        value           nonuniform List<vector> 
190
(
(-370.267 -1.77031e-19 57.4901)
(-417.027 7.61724e-19 63.8631)
(-389.176 5.54332e-19 60.6114)
(-333.911 1.2856e-18 56.4556)
(-274.494 -1.30544e-18 50.981)
(-230.622 -6.95956e-19 44.9571)
(-200.096 4.62711e-20 40.0312)
(-179.084 -8.61156e-19 35.6869)
(-167.508 -1.75433e-18 32.8226)
(-162.004 6.26644e-19 31.5895)
(-159.271 6.58105e-19 31.0104)
(-157.585 -4.2923e-19 30.4654)
(-156.928 2.781e-19 30.2039)
(-157.48 2.0866e-19 30.4774)
(-159.78 -7.31309e-19 31.0358)
(-161.999 -3.01107e-19 31.464)
(-163.423 -8.73547e-19 31.6664)
(-164.366 9.18951e-19 31.7539)
(-165.194 8.97246e-19 31.8067)
(-165.909 -1.42814e-19 31.8314)
(-166.416 9.29075e-20 31.8024)
(-166.768 4.73632e-19 31.8007)
(-167.055 -1.66974e-19 31.7679)
(-167.4 -6.86721e-19 31.7524)
(-167.74 -3.62906e-19 31.7545)
(-167.986 -1.72739e-20 31.7476)
(-168.017 4.95781e-19 31.6943)
(-167.638 -5.18533e-19 31.5592)
(-167.269 7.36382e-19 31.4311)
(-166.995 -1.61816e-19 31.3296)
(-166.474 -4.2008e-19 31.193)
(-165.679 -1.61284e-19 31.0275)
(-164.894 -3.68049e-19 30.8795)
(-164.368 3.74187e-20 30.7656)
(-164.092 -3.39845e-20 30.6819)
(-163.847 -1.48893e-19 30.5981)
(-163.543 1.67216e-19 30.4923)
(-163.29 -5.38073e-19 30.3869)
(-163.179 -3.91271e-20 30.3063)
(-163.167 3.5079e-19 30.2432)
(-163.174 -1.2301e-19 30.1963)
(-163.118 -2.74562e-19 30.1493)
(-163.072 2.51238e-19 30.1118)
(-163.094 -1.60959e-19 30.0982)
(-163.109 -4.65851e-19 30.0951)
(-163.067 4.27573e-19 30.0897)
(-162.959 5.75633e-19 30.0705)
(-162.831 -6.1608e-19 30.0484)
(-162.806 -1.57853e-19 30.0444)
(-162.796 1.84753e-19 30.0391)
(-162.772 -3.92193e-19 30.0282)
(-162.799 -1.66505e-19 30.0239)
(-162.919 -3.37631e-19 30.0297)
(-163.162 1.08256e-19 30.0557)
(-163.55 -8.19123e-21 30.1031)
(-164.082 -2.63855e-20 30.181)
(-164.83 -2.08824e-19 30.2934)
(-165.671 3.37607e-19 30.4232)
(-166.538 4.98604e-19 30.5566)
(-167.301 2.25317e-19 30.6657)
(-167.835 -4.78077e-19 30.7419)
(-168.207 -6.14284e-19 30.7942)
(-168.489 -3.93128e-19 30.8311)
(-168.731 1.11662e-19 30.8614)
(-168.89 -2.16962e-20 30.8743)
(-168.959 1.63789e-20 30.8719)
(-168.995 2.40634e-19 30.8621)
(-169.013 6.01976e-20 30.8388)
(-169.092 4.19174e-19 30.833)
(-169.314 5.26293e-20 30.8676)
(-169.404 -2.17315e-19 30.8817)
(-169.357 1.71178e-19 30.8768)
(-169.273 2.94144e-19 30.8682)
(-169.199 2.00589e-19 30.8592)
(-169.149 7.1733e-20 30.8527)
(-169.11 5.19443e-20 30.8464)
(-169.072 3.41836e-20 30.8372)
(-169.043 2.96415e-20 30.8266)
(-169.016 3.40283e-19 30.8134)
(-168.983 -1.66798e-19 30.798)
(-168.955 2.11337e-19 30.7844)
(-168.917 -3.64076e-20 30.7696)
(-168.812 -1.76032e-19 30.7421)
(-168.666 1.43292e-19 30.7052)
(-168.546 3.55501e-19 30.6664)
(-168.502 -4.11424e-19 30.6349)
(-168.544 -4.00647e-19 30.6448)
(-172 2.02806e-19 31.2891)
(-175.697 7.68885e-20 31.9595)
(-172.135 2.60318e-19 31.3328)
(-176.855 1.22804e-19 32.1773)
(-174.454 -3.70021e-19 31.7441)
(-170.823 -1.95185e-19 31.0889)
(-171.681 1.87854e-19 31.2442)
(-178.24 6.60469e-20 32.4303)
(-172.782 -4.43063e-20 31.4383)
(-171.889 -2.63386e-19 31.272)
(-175.27 5.56166e-20 31.8766)
(-178.207 -7.01146e-19 32.4056)
(-174.048 -5.44668e-19 31.644)
(-177.361 -9.08704e-20 32.2305)
(-180.532 -2.36345e-19 32.8011)
(-178.917 7.34221e-21 32.4829)
(-174.065 8.4567e-21 31.5851)
(-181.345 1.8388e-19 32.9039)
(-175.67 -2.6638e-19 31.8814)
(-180.299 2.73968e-19 32.7093)
(-178.065 -1.10659e-20 32.3322)
(-177.052 -2.30601e-19 31.7165)
(-211.731 2.71447e-19 41.0232)
(-202.849 0 9.93247)
(-180.578 0 4.74264)
(-163.17 0 3.05848)
(-155.466 0 2.25105)
(-151.845 0 1.69127)
(-141.176 0 0.86448)
(-124.193 0 0.210075)
(-108.703 0 0.564741)
(-96.5457 0 0.721895)
(-89.9749 0 0.701411)
(-87.4408 0 0.555582)
(-85.344 0 0.502702)
(-83.0417 0 0.468093)
(-81.7177 0 0.415405)
(-80.4903 0 0.378149)
(-78.7123 0 0.364101)
(-77.5577 0 0.368797)
(-77.0168 0 0.350057)
(-76.4741 0 0.326023)
(-75.8971 0 0.294419)
(-75.3228 0 0.272305)
(-74.7731 0 0.262741)
(-74.2905 0 0.252742)
(-73.9717 0 0.242988)
(-73.7964 0 0.226663)
(-73.6448 0 0.212255)
(-73.7947 0 0.19338)
(-73.7426 0 0.172016)
(-73.2426 0 0.197741)
(-72.9096 0 0.225579)
(-72.9039 0 0.241773)
(-72.9749 0 0.251583)
(-73.1292 0 0.265483)
(-73.3827 0 0.273757)
(-73.835 0 0.273206)
(-74.3492 0 0.248138)
(-74.7999 0 0.217015)
(-74.9422 0 0.186749)
(-74.7245 0 0.183516)
(-74.5105 0 0.20803)
(-74.4707 0 0.223072)
(-74.4111 0 0.241034)
(-74.3923 0 0.279117)
(-74.7461 0 0.314288)
(-75.4066 0 0.291802)
(-75.6581 0 0.270409)
(-75.7233 0 0.263824)
(-75.7015 0 0.267127)
(-75.6458 0 0.275335)
(-75.6698 0 0.288182)
(-75.8889 0 0.30695)
(-76.4807 0 0.297067)
(-76.8168 0 0.269269)
(-76.8845 0 0.262605)
(-76.8715 0 0.257208)
(-76.9174 0 0.262435)
(-77.0122 0 0.263501)
(-77.0777 0 0.2645)
(-77.0675 0 0.263161)
(-77.0163 0 0.265338)
(-76.8894 0 0.25879)
(-76.4705 0 0.27391)
(-76.0685 0 0.297968)
(-76.0644 0 0.328494)
(-76.3268 0 0.372661)
(-76.7392 0 0.418795)
(-77.3628 0 0.444831)
(-78.296 0 0.44796)
(-79.3224 0 0.452116)
(-80.5583 0 0.449707)
(-81.7689 0 0.450926)
(-82.7741 0 0.462793)
(-83.5728 0 0.470205)
(-84.0916 0 0.4671)
(-84.3867 0 0.468687)
(-84.6443 0 0.473332)
(-85.006 0 0.467381)
(-85.172 0 0.467577)
(-85.2031 0 0.466778)
(-85.0851 0 0.46222)
)
;
    }
    upstream
    {
        type            symmetryPlane;
    }
    defaultFaces
    {
        type            empty;
    }
}


// ************************************************************************* //
