/*--------------------------------*- C++ -*----------------------------------*\
  =========                 |
  \\      /  F ield         | OpenFOAM: The Open Source CFD Toolbox
   \\    /   O peration     | Website:  https://openfoam.org
    \\  /    A nd           | Version:  13
     \\/     M anipulation  |
\*---------------------------------------------------------------------------*/
FoamFile
{
    format      ascii;
    class       volScalarField;
    location    "0.0012";
    object      Cf;
}
// * * * * * * * * * * * * * * * * * * * * * * * * * * * * * * * * * * * * * //

dimensions      [];

internalField   uniform 0;

boundaryField
{
    inlet
    {
        type            calculated;
        value           uniform 0;
    }
    outlet
    {
        type            calculated;
        value           uniform 0;
    }
    bottom
    {
        type            calculated;
        value           nonuniform List<scalar> 
196
(
0.00301312
0.00316949
0.00295343
0.00245005
0.00202574
0.00172827
0.00153399
0.001431
0.00139926
0.00134521
0.0013439
0.00134144
0.0013655
0.00138813
0.00140498
0.00141557
0.00144595
0.00144522
0.00143801
0.0014437
0.00144868
0.00145217
0.00145931
0.00146247
0.00144353
0.00144041
0.00144672
0.00143443
0.00143121
0.00143027
0.00142633
0.00142431
0.00142233
0.00142008
0.0014188
0.00141674
0.00141592
0.0014181
0.00142153
0.00142409
0.00142698
0.00142896
0.00143175
0.0014342
0.001439
0.00143986
0.00144146
0.00144676
0.0014493
0.00145386
0.00144535
0.00142319
0.00136823
0.00127617
0.00119745
0.00115104
0.0011233
0.0011072
0.00109726
0.00109062
0.00108579
0.001082
0.0010788
0.00107614
0.00107387
0.00107195
0.00107029
0.00106894
0.00106776
0.00106674
0.00106584
0.0010651
0.00106449
0.00106392
0.00106338
0.00106244
0.00106121
0.00105998
0.00105873
0.00105758
0.00105641
0.0010553
0.00105418
0.00105315
0.00105214
0.00105121
0.00105025
0.00104935
0.00104844
0.00104761
0.00104677
0.00104598
0.00104519
0.00104447
0.00104375
0.00104306
0.00104236
0.0010417
0.00104106
0.00104046
0.00103986
0.00103927
0.00103868
0.00103809
0.00103753
0.00103698
0.0010365
0.00103597
0.00103557
0.00103508
0.00103476
0.00103425
0.00103401
0.0010334
0.00103322
0.0010313
0.00102751
0.00100025
0.000847959
0.00041074
6.43516e-05
-0.000131222
-0.000277604
-0.000370087
-0.000354598
-0.000478925
-0.000631065
-0.000633888
-0.000504169
-0.000282469
-2.42018e-05
0.000144898
0.00041249
0.000757407
0.00113762
0.00154589
0.00189936
0.00227538
0.0025782
0.00285948
0.00313388
0.00341467
0.00362612
0.00378334
0.00392125
0.00405639
0.00417168
0.00426594
0.00434677
0.00441264
0.00445688
0.00448441
0.00450586
0.00452853
0.00454888
0.00456303
0.00456883
0.00456903
0.00456792
0.0045661
0.00456697
0.00456151
0.00455321
0.00454478
0.00453361
0.00452636
0.00451657
0.00450397
0.00448592
0.00447265
0.00446302
0.00445452
0.00444969
0.00444205
0.00442926
0.00441275
0.00439127
0.00437619
0.004367
0.0043585
0.00434943
0.00433655
0.00431516
0.00427857
0.00422329
0.0041531
0.00407545
0.00399974
0.00392779
0.00385865
0.00378744
0.0037093
0.00361771
0.00351103
0.00339458
0.00321226
)
;
    }
    top
    {
        type            calculated;
        value           nonuniform List<scalar> 
190
(
0.00533476
0.00563678
0.00546157
0.00494018
0.00405512
0.00327781
0.00282353
0.00257788
0.00241169
0.00231075
0.00226513
0.00224269
0.00222909
0.00223336
0.00226766
0.00230249
0.00232701
0.00234156
0.00235119
0.00236108
0.00237151
0.00238094
0.00238816
0.00239065
0.00238953
0.0023878
0.00238672
0.00238548
0.00238231
0.00237564
0.00236686
0.00235827
0.00235114
0.00234522
0.0023393
0.00233252
0.00232479
0.00231633
0.00230851
0.00230244
0.00229798
0.00229413
0.00229018
0.00228594
0.0022811
0.00227607
0.00227169
0.00226758
0.00226243
0.00225525
0.00224609
0.00223631
0.00222759
0.00222082
0.00221622
0.00221321
0.00221096
0.0022088
0.00220602
0.00220189
0.00219625
0.00218971
0.00218339
0.00217795
0.00217368
0.00217057
0.00216841
0.00216673
0.0021652
0.0021633
0.00216076
0.00215759
0.00215356
0.00214938
0.00214457
0.00214058
0.00218273
0.00221003
0.0021517
0.00215069
0.00215635
0.00219047
0.00223039
0.00218163
0.0022437
0.00224823
0.00226856
0.00222236
0.00226473
0.00222244
0.00226036
0.00223415
0.00226671
0.00230974
0.00230778
0.00231051
0.00225102
0.00226439
0.00231466
0.00233623
0.00234095
0.00228076
0.00228432
0.00233272
0.00232252
0.00235074
0.00230684
0.00232403
0.00236136
0.00272755
0.00274324
0.0024453
0.00220662
0.00210203
0.00202471
0.00196564
0.00196254
0.00192547
0.00180188
0.0016315
0.00149429
0.00139806
0.00133362
0.00129281
0.00126134
0.00123066
0.00120541
0.00118659
0.00116784
0.00115092
0.00114443
0.00114182
0.00113709
0.00113034
0.00112526
0.00112091
0.00111647
0.00111352
0.00111079
0.00110619
0.00110061
0.00109794
0.0010989
0.00110097
0.00110287
0.00110284
0.00109877
0.00108976
0.00108453
0.00108627
0.00109107
0.0010964
0.00109814
0.00109496
0.00108556
0.00107723
0.00107654
0.0010788
0.00108222
0.00108394
0.00108338
0.00107991
0.00107596
0.00107409
0.00107337
0.0010727
0.00107123
0.001069
0.00106718
0.00106647
0.00106625
0.00106587
0.00106497
0.00106357
0.00106218
0.00106099
0.00105969
0.00105806
0.00105625
0.00105466
0.0010536
0.00105279
0.00105186
0.00105069
0.00104925
0.00104785
0.00104679
0.00104583
0.00104511
0.00104385
)
;
    }
    upstream
    {
        type            symmetryPlane;
    }
    defaultFaces
    {
        type            empty;
    }
}


// ************************************************************************* //
