/*--------------------------------*- C++ -*----------------------------------*\
  =========                 |
  \\      /  F ield         | OpenFOAM: The Open Source CFD Toolbox
   \\    /   O peration     | Website:  https://openfoam.org
    \\  /    A nd           | Version:  13
     \\/     M anipulation  |
\*---------------------------------------------------------------------------*/
FoamFile
{
    format      ascii;
    class       volVectorField;
    location    "0.0012";
    object      wallShearStress;
}
// * * * * * * * * * * * * * * * * * * * * * * * * * * * * * * * * * * * * * //

dimensions      [1 -1 -2 0 0 0 0];

internalField   uniform (0 0 0);

boundaryField
{
    inlet
    {
        type            calculated;
        value           uniform (0 0 0);
    }
    outlet
    {
        type            calculated;
        value           uniform (0 0 0);
    }
    bottom
    {
        type            calculated;
        value           nonuniform List<vector> 
196
(
(-211.384 0 -4.67846)
(-222.354 0 0.677038)
(-207.196 0 5.25087)
(-171.882 0 3.88451)
(-142.115 0 0.213342)
(-121.246 0 -2.38089)
(-107.616 -1.28825e-21 -2.57094)
(-100.391 -1.14184e-21 -2.86428)
(-98.1641 9.32037e-22 -2.96691)
(-94.3725 9.53427e-22 -2.75643)
(-94.2806 -1.01434e-22 -2.57673)
(-94.1083 -5.08319e-22 -2.41285)
(-95.7956 -4.40063e-23 -2.31041)
(-97.3832 5.04299e-22 -2.1851)
(-98.5657 -2.53628e-23 -2.08343)
(-99.3083 -1.6559e-22 -1.96481)
(-101.44 -1.13714e-22 -1.86157)
(-101.389 -4.88978e-22 -1.72722)
(-100.883 -1.3542e-22 -1.59449)
(-101.282 -3.84329e-23 -1.48587)
(-101.632 3.01828e-22 -1.38737)
(-101.877 -3.51409e-22 -1.30073)
(-102.377 3.60409e-23 -1.23178)
(-102.599 5.9544e-22 -1.16019)
(-101.27 -3.71264e-22 -1.07402)
(-101.051 -6.71241e-22 -1.00627)
(-101.494 -8.00887e-22 -0.956592)
(-100.632 1.35558e-22 -0.899385)
(-100.406 -3.75841e-22 -0.856917)
(-100.34 3.76029e-22 -0.82433)
(-100.064 8.94668e-22 -0.796623)
(-99.9218 -7.95883e-22 -0.777933)
(-99.7826 8.79995e-23 -0.762017)
(-99.6252 -2.9328e-22 -0.752543)
(-99.535 3.91064e-22 -0.748331)
(-99.3905 -2.69724e-23 -0.748477)
(-99.3334 -3.73827e-22 -0.754715)
(-99.4859 4.54646e-22 -0.741626)
(-99.7266 -6.68762e-22 -0.732066)
(-99.9063 -7.27975e-23 -0.72002)
(-100.109 4.38721e-22 -0.709971)
(-100.248 -6.05756e-24 -0.703313)
(-100.443 -4.7015e-22 -0.696962)
(-100.616 7.61673e-22 -0.692111)
(-100.952 -3.39561e-22 -0.683336)
(-101.012 -1.49159e-22 -0.656417)
(-101.125 5.55177e-23 -0.679852)
(-101.496 1.75486e-22 -0.646611)
(-101.675 2.19096e-22 -0.635952)
(-101.995 5.17312e-23 -0.630944)
(-101.398 -4.36375e-22 -0.568744)
(-99.8433 4.66003e-22 -0.439287)
(-95.9876 -5.19837e-23 -0.292339)
(-89.5292 -2.50364e-22 -0.26234)
(-84.0062 4.68884e-22 -0.330451)
(-80.7509 3.0881e-22 -0.385514)
(-78.8046 -4.08608e-22 -0.38652)
(-77.6754 3.60153e-22 -0.371025)
(-76.9779 1.11788e-22 -0.358283)
(-76.5119 3.56258e-22 -0.3492)
(-76.1731 1.97109e-22 -0.342134)
(-75.9072 -3.73778e-22 -0.336841)
(-75.6829 3.14852e-22 -0.332091)
(-75.4962 -1.05986e-22 -0.327532)
(-75.3371 -1.17774e-22 -0.323343)
(-75.2022 1.1736e-22 -0.319261)
(-75.0858 -6.53465e-23 -0.315362)
(-74.9907 5.66462e-23 -0.311425)
(-74.9083 -2.84091e-22 -0.307927)
(-74.8363 -1.1082e-22 -0.304515)
(-74.7731 -3.72106e-22 -0.301356)
(-74.7213 2.03106e-24 -0.298018)
(-74.6784 2.39882e-22 -0.294985)
(-74.6384 -7.89127e-23 -0.291749)
(-74.6006 -1.61432e-22 -0.289443)
(-74.5349 -8.14413e-24 -0.287457)
(-74.4486 2.64619e-22 -0.284752)
(-74.3621 -2.83278e-22 -0.281318)
(-74.2748 -5.28008e-23 -0.278076)
(-74.1937 -9.99293e-23 -0.274583)
(-74.1118 -6.91095e-23 -0.271389)
(-74.0342 -5.0426e-23 -0.267977)
(-73.9555 4.36e-23 -0.264944)
(-73.8834 -9.60701e-23 -0.261632)
(-73.8121 3.04761e-23 -0.258715)
(-73.7469 1.64178e-22 -0.255476)
(-73.6798 -1.29454e-22 -0.252736)
(-73.6165 1.18981e-22 -0.249644)
(-73.5525 -8.30144e-23 -0.246965)
(-73.4942 -4.32566e-23 -0.243968)
(-73.4353 1.32338e-22 -0.241412)
(-73.3805 -8.73696e-24 -0.23851)
(-73.325 -2.15569e-23 -0.236011)
(-73.2746 -1.41511e-22 -0.233089)
(-73.2236 1.83073e-22 -0.230698)
(-73.1753 1.33449e-24 -0.227957)
(-73.1263 -1.13849e-23 -0.22566)
(-73.0801 4.99401e-23 -0.222961)
(-73.0348 -2.57956e-24 -0.220584)
(-72.9931 -8.40502e-23 -0.217732)
(-72.951 -3.36928e-23 -0.215389)
(-72.9094 -8.43016e-23 -0.212684)
(-72.8682 5.46272e-23 -0.21048)
(-72.8263 1.25514e-22 -0.207844)
(-72.7872 -2.63656e-23 -0.205708)
(-72.7487 -9.28449e-23 -0.203094)
(-72.7151 -1.41338e-22 -0.201063)
(-72.6778 1.94117e-23 -0.198599)
(-72.6498 -1.58969e-22 -0.196582)
(-72.6157 1.92366e-23 -0.194052)
(-72.5932 -6.14609e-23 -0.192093)
(-72.557 2.82686e-23 -0.189586)
(-72.5405 -1.41486e-23 -0.187773)
(-72.4975 2.07193e-23 -0.185401)
(-72.485 4.18533e-23 -0.185606)
(-72.3505 -2.01266e-22 -0.18353)
(-72.0848 0 -0.20771)
(-70.1722 0 -0.367015)
(-59.4881 0 -0.921704)
(-28.8152 0 -0.361074)
(-4.51455 0 -0.114914)
(9.20578 0 -0.355919)
(19.4752 0 -0.304542)
(25.9632 0 0.0109146)
(24.8766 0 0.593765)
(33.5987 0 -0.181592)
(44.272 0 0.543536)
(44.4701 0 0.611375)
(35.3697 0 1.09188)
(19.8165 0 1.61222)
(1.69787 0 1.41455)
(-10.1652 0 0.934751)
(-28.938 0 1.40927)
(-53.1355 0 1.6062)
(-79.8092 0 1.79676)
(-108.451 0 1.22564)
(-133.248 0 0.658442)
(-159.628 0 1.29469)
(-180.872 0 1.17187)
(-200.605 0 1.10805)
(-219.856 0 0.992017)
(-239.554 0 0.803113)
(-254.388 0 0.368272)
(-265.418 0 0.0883781)
(-275.093 0 -0.0072342)
(-284.574 0 -0.178439)
(-292.662 0 -0.360171)
(-299.275 0 -0.478753)
(-304.945 0 -0.553586)
(-309.566 0 -0.652271)
(-312.67 0 -0.767233)
(-314.601 0 -0.845087)
(-316.106 0 -0.882936)
(-317.697 0 -0.884374)
(-319.124 0 -0.913679)
(-320.117 0 -0.963905)
(-320.524 0 -1.00227)
(-320.538 0 -1.01649)
(-320.46 0 -1.01349)
(-320.332 0 -1.00026)
(-320.393 0 -1.01134)
(-320.01 0 -1.02261)
(-319.428 0 -1.02895)
(-318.837 0 -1.02914)
(-318.053 0 -1.02516)
(-317.544 0 -1.02213)
(-316.858 0 -1.03036)
(-315.973 0 -1.03677)
(-314.707 0 -1.03358)
(-313.776 0 -1.01066)
(-313.101 0 -0.997948)
(-312.504 0 -0.984913)
(-312.166 0 -0.981334)
(-311.629 0 -0.98844)
(-310.733 0 -1.0035)
(-309.574 0 -1.01607)
(-308.067 0 -1.01088)
(-307.009 0 -0.988536)
(-306.365 0 -0.975134)
(-305.768 0 -0.970035)
(-305.132 0 -0.971721)
(-304.228 0 -0.98473)
(-302.728 0 -1.01584)
(-300.161 0 -1.05895)
(-296.283 0 -1.09761)
(-291.358 0 -1.11202)
(-285.911 0 -1.09753)
(-280.599 0 -1.06772)
(-275.552 0 -1.04467)
(-270.701 0 -1.0311)
(-265.706 0 -1.03236)
(-260.224 0 -1.04762)
(-253.798 0 -1.07821)
(-246.315 0 -1.09967)
(-238.145 0 -1.0998)
(-225.354 0 -1.05918)
)
;
    }
    top
    {
        type            calculated;
        value           nonuniform List<vector> 
190
(
(-374.257 -2.43163e-19 57.3629)
(-395.445 4.46578e-19 61.583)
(-383.153 -6.95086e-21 62.0474)
(-346.576 1.16153e-18 61.7788)
(-284.485 -9.05521e-19 51.3904)
(-229.953 -3.52905e-19 43.1821)
(-198.083 9.60312e-20 39.6365)
(-180.85 -9.5317e-19 36.304)
(-169.191 -1.90595e-18 33.4451)
(-162.11 4.45666e-19 32.1811)
(-158.909 5.69162e-19 31.344)
(-157.335 -4.87991e-19 30.5719)
(-156.38 2.71059e-19 30.1403)
(-156.68 1.97926e-19 30.2205)
(-159.086 -6.55034e-19 30.7259)
(-161.53 -2.0998e-19 31.0835)
(-163.25 -8.02558e-19 31.3676)
(-164.271 8.04965e-19 31.5564)
(-164.946 8.24306e-19 31.6678)
(-165.64 -1.91069e-19 31.7347)
(-166.372 9.21627e-20 31.7725)
(-167.033 4.71855e-19 31.8017)
(-167.54 -1.64838e-19 31.7932)
(-167.715 -6.90423e-19 31.7615)
(-167.636 -3.52267e-19 31.7188)
(-167.515 -6.47886e-20 31.6618)
(-167.439 4.13852e-19 31.5826)
(-167.352 -5.17792e-19 31.4883)
(-167.13 6.9396e-19 31.3761)
(-166.661 -1.06827e-19 31.227)
(-166.046 -4.26462e-19 31.0579)
(-165.443 -1.65915e-19 30.8968)
(-164.943 -3.60801e-19 30.752)
(-164.527 4.11221e-20 30.6233)
(-164.112 3.33664e-21 30.4994)
(-163.637 -1.81301e-19 30.3686)
(-163.094 1.45472e-19 30.2264)
(-162.501 -5.12776e-19 30.0707)
(-161.952 -3.62506e-20 29.919)
(-161.527 3.35728e-19 29.7914)
(-161.214 -1.1827e-19 29.6905)
(-160.944 -2.54227e-19 29.6033)
(-160.666 2.33455e-19 29.5206)
(-160.369 -1.41605e-19 29.4388)
(-160.029 -4.0129e-19 29.3517)
(-159.676 3.58188e-19 29.2619)
(-159.369 5.48907e-19 29.1791)
(-159.081 -4.99246e-19 29.0971)
(-158.72 -1.07345e-19 29.0001)
(-158.216 2.10634e-19 28.8793)
(-157.573 -3.57544e-19 28.7391)
(-156.887 -1.36831e-19 28.5971)
(-156.275 -2.63113e-19 28.4712)
(-155.8 1.087e-19 28.3695)
(-155.478 -6.05333e-21 28.2936)
(-155.267 2.38109e-20 28.2364)
(-155.109 -2.01897e-19 28.1891)
(-154.957 2.4471e-19 28.1431)
(-154.762 4.31201e-19 28.0894)
(-154.473 2.53787e-19 28.0202)
(-154.076 -3.50115e-19 27.9368)
(-153.618 -4.82767e-19 27.8465)
(-153.175 -2.70086e-19 27.7615)
(-152.793 1.49847e-19 27.688)
(-152.493 -4.72379e-20 27.6285)
(-152.275 1.43301e-20 27.5829)
(-152.124 2.32656e-19 27.5482)
(-152.006 3.08653e-20 27.5183)
(-151.899 3.63564e-19 27.4909)
(-151.765 4.82593e-20 27.4586)
(-151.587 -1.52516e-19 27.4176)
(-151.365 1.52379e-19 27.3713)
(-151.082 2.13765e-19 27.3147)
(-150.789 1.79662e-19 27.2605)
(-150.451 3.82252e-20 27.1966)
(-150.171 5.10137e-20 27.1601)
(-153.129 1.43764e-20 27.7151)
(-155.043 3.48493e-20 28.0626)
(-150.951 3.13967e-19 27.3275)
(-150.88 -1.47893e-19 27.3107)
(-151.278 2.0015e-19 27.387)
(-153.671 -4.70823e-20 27.8129)
(-156.472 -1.65852e-19 28.3044)
(-153.051 8.97405e-20 27.6876)
(-157.405 3.17241e-19 28.4654)
(-157.723 -3.4184e-19 28.5187)
(-159.15 -3.40393e-19 28.7768)
(-155.908 1.62716e-19 28.1824)
(-158.881 8.34983e-20 28.7163)
(-155.914 2.08548e-19 28.1784)
(-158.574 8.44751e-20 28.6513)
(-156.735 -2.93348e-19 28.3175)
(-159.02 -1.54733e-19 28.734)
(-162.039 1.45981e-19 29.2753)
(-161.901 4.7098e-20 29.2513)
(-162.093 -3.70548e-20 29.2925)
(-157.919 -2.088e-19 28.5387)
(-158.857 5.31592e-20 28.7089)
(-162.384 -5.35749e-19 29.339)
(-163.897 -4.22478e-19 29.6064)
(-164.228 -6.84563e-20 29.6743)
(-160.005 -1.70884e-19 28.9107)
(-160.255 4.07734e-21 28.9529)
(-163.651 5.7357e-21 29.5616)
(-162.935 1.41824e-19 29.4434)
(-164.915 -2.02928e-19 29.7893)
(-161.835 1.9614e-19 29.2504)
(-163.041 -8.84672e-21 29.4424)
(-165.66 -1.70204e-19 29.562)
(-191.35 2.2393e-19 37.0049)
(-192.451 0 7.8765)
(-171.549 0 3.86853)
(-154.805 0 2.44256)
(-147.467 0 1.72622)
(-142.042 0 1.51846)
(-137.898 0 1.33344)
(-137.681 0 0.937424)
(-135.08 0 0.574604)
(-126.41 0 0.265139)
(-114.457 0 0.252648)
(-104.831 0 0.487982)
(-98.08 0 0.574506)
(-93.559 0 0.536217)
(-90.6966 0 0.46064)
(-88.4889 0 0.40295)
(-86.3364 0 0.366076)
(-84.5652 0 0.346104)
(-83.2449 0 0.317366)
(-81.9293 0 0.298236)
(-80.7424 0 0.281315)
(-80.2869 0 0.266511)
(-80.1037 0 0.246625)
(-79.7722 0 0.237679)
(-79.2984 0 0.228671)
(-78.9422 0 0.221096)
(-78.637 0 0.211089)
(-78.3252 0 0.200171)
(-78.1186 0 0.185752)
(-77.927 0 0.175211)
(-77.604 0 0.179123)
(-77.2124 0 0.193327)
(-77.0254 0 0.208243)
(-77.0927 0 0.20386)
(-77.238 0 0.186319)
(-77.3715 0 0.162559)
(-77.3693 0 0.13197)
(-77.0839 0 0.111236)
(-76.4515 0 0.126644)
(-76.0844 0 0.180133)
(-76.207 0 0.187214)
(-76.5436 0 0.189231)
(-76.9176 0 0.173431)
(-77.0392 0 0.137046)
(-76.8163 0 0.102923)
(-76.157 0 0.0956148)
(-75.5727 0 0.131772)
(-75.524 0 0.156429)
(-75.6824 0 0.154586)
(-75.9228 0 0.150326)
(-76.0435 0 0.136177)
(-76.0041 0 0.121525)
(-75.7606 0 0.117416)
(-75.4837 0 0.12473)
(-75.3524 0 0.131743)
(-75.3019 0 0.131926)
(-75.2547 0 0.126968)
(-75.1516 0 0.120968)
(-74.995 0 0.118272)
(-74.8678 0 0.120557)
(-74.8176 0 0.122426)
(-74.8025 0 0.120547)
(-74.7758 0 0.116572)
(-74.7123 0 0.11207)
(-74.6139 0 0.109431)
(-74.5163 0 0.108952)
(-74.4329 0 0.108431)
(-74.3423 0 0.10675)
(-74.2275 0 0.105442)
(-74.1003 0 0.105335)
(-73.9891 0 0.10715)
(-73.9148 0 0.108669)
(-73.8579 0 0.108996)
(-73.7928 0 0.107954)
(-73.7103 0 0.106134)
(-73.6093 0 0.104292)
(-73.5113 0 0.102842)
(-73.4368 0 0.101462)
(-73.3698 0 0.100857)
(-73.3188 0 0.0986985)
(-73.2306 0 0.09639)
)
;
    }
    upstream
    {
        type            symmetryPlane;
    }
    defaultFaces
    {
        type            empty;
    }
}


// ************************************************************************* //
