/*--------------------------------*- C++ -*----------------------------------*\
  =========                 |
  \\      /  F ield         | OpenFOAM: The Open Source CFD Toolbox
   \\    /   O peration     | Website:  https://openfoam.org
    \\  /    A nd           | Version:  13
     \\/     M anipulation  |
\*---------------------------------------------------------------------------*/
FoamFile
{
    format      ascii;
    class       volScalarField;
    location    "0.002";
    object      Cf;
}
// * * * * * * * * * * * * * * * * * * * * * * * * * * * * * * * * * * * * * //

dimensions      [];

internalField   uniform 0;

boundaryField
{
    inlet
    {
        type            calculated;
        value           uniform 0;
    }
    outlet
    {
        type            calculated;
        value           uniform 0;
    }
    bottom
    {
        type            calculated;
        value           nonuniform List<scalar> 
196
(
0.00307939
0.00317099
0.00295299
0.00249684
0.0020265
0.00169816
0.00154032
0.00145511
0.00139381
0.00134484
0.00135347
0.00136348
0.00136547
0.00140426
0.00140402
0.00141595
0.00142505
0.00143172
0.00143835
0.0014438
0.00144849
0.00145198
0.00145043
0.00144721
0.00144371
0.00144014
0.00143702
0.00143405
0.00143107
0.00142895
0.00142648
0.00142439
0.00142247
0.00142063
0.00142187
0.00141727
0.00141624
0.00141843
0.00142138
0.00142405
0.00142639
0.00142898
0.00143111
0.00143483
0.00143653
0.00143858
0.00144147
0.00144393
0.00144964
0.00145119
0.00144449
0.0014236
0.00136817
0.00127585
0.00119733
0.00115098
0.00112319
0.00110714
0.00109724
0.00109064
0.00108578
0.00108201
0.00107883
0.00107619
0.00107384
0.00107188
0.00107016
0.00106878
0.0010676
0.00106665
0.0010658
0.00106511
0.00106446
0.0010639
0.00106335
0.00106246
0.00106125
0.00106007
0.00105881
0.00105767
0.00105643
0.00105532
0.00105417
0.0010532
0.00105221
0.0010514
0.00105051
0.00104971
0.00104879
0.00104794
0.00104699
0.00104613
0.00104523
0.00104447
0.00104371
0.00104306
0.00104236
0.00104169
0.001041
0.00104034
0.00103971
0.00103912
0.00103855
0.00103799
0.00103749
0.00103695
0.00103647
0.0010359
0.00103546
0.0010349
0.00103458
0.00103406
0.00103385
0.00103326
0.001033
0.0010302
0.00102244
0.000970316
0.000722075
0.000271539
2.4074e-05
-0.000166023
-0.000290348
-0.000362196
-0.000349511
-0.000475119
-0.000614232
-0.000606353
-0.00048319
-0.000269312
-1.61816e-05
0.000163463
0.000432876
0.000776477
0.00115327
0.00153441
0.00187249
0.00224511
0.00253687
0.00283626
0.00311008
0.00336835
0.00357993
0.00375044
0.00391352
0.00405232
0.00415259
0.00423381
0.00430477
0.00437151
0.00442183
0.00446051
0.00449321
0.0045216
0.00454203
0.00455179
0.00454939
0.00454539
0.00454202
0.00453906
0.00453999
0.00453678
0.00453061
0.0045242
0.00451866
0.00451017
0.00450183
0.00449055
0.00447627
0.00446388
0.00445247
0.00444426
0.00443794
0.0044287
0.00441484
0.00439985
0.0043796
0.00436406
0.00435502
0.00434667
0.00433691
0.00432153
0.00429589
0.00425504
0.00419836
0.00413089
0.00406005
0.00399159
0.00392662
0.00386208
0.0037925
0.00371276
0.00361575
0.00350298
0.00337868
0.00318473
)
;
    }
    top
    {
        type            calculated;
        value           nonuniform List<scalar> 
190
(
0.00527716
0.00577017
0.00554853
0.00483432
0.00386267
0.00320527
0.00281698
0.00254783
0.00239251
0.00230656
0.0022568
0.0022304
0.0022258
0.00223629
0.0022704
0.0023025
0.00232732
0.00234755
0.00236454
0.0023767
0.0023842
0.00238862
0.00239148
0.00239207
0.00239132
0.00239067
0.00238953
0.00238592
0.00237987
0.00237326
0.00236739
0.00236198
0.00235637
0.0023506
0.00234511
0.00233963
0.00233382
0.00232738
0.00231978
0.00231103
0.00230202
0.00229396
0.00228728
0.00228202
0.00227787
0.00227384
0.00226915
0.00226345
0.00225701
0.00225079
0.00224542
0.0022411
0.00223739
0.00223338
0.00222838
0.00222214
0.00221496
0.00220755
0.00220067
0.00219463
0.00218952
0.00218527
0.00218173
0.00217859
0.0021756
0.00217244
0.00216896
0.00216505
0.00216114
0.00215762
0.00215473
0.00215274
0.00215096
0.00214995
0.00214776
0.00214657
0.00218876
0.00215492
0.0021762
0.00215506
0.00216937
0.0021903
0.00216749
0.00218659
0.00222552
0.00225756
0.00224607
0.00227076
0.00223354
0.00226428
0.00223495
0.00226224
0.00222975
0.00224543
0.00231525
0.00229726
0.00227645
0.00227115
0.00228018
0.00231816
0.00229681
0.00230347
0.00233666
0.00232569
0.00232867
0.00234803
0.00237891
0.00232244
0.00235545
0.0028015
0.00271451
0.00246495
0.00223046
0.0020743
0.0020262
0.00197756
0.00193806
0.00190741
0.00180432
0.00162248
0.00147942
0.00139287
0.00132891
0.00128317
0.00125422
0.00123149
0.00120903
0.00118839
0.00117285
0.00115985
0.00114813
0.0011416
0.00113846
0.00113375
0.00112604
0.00111829
0.0011126
0.00110899
0.00110781
0.00110816
0.00110764
0.00110358
0.00109578
0.00108966
0.00108948
0.00109223
0.00109733
0.00110112
0.00110074
0.00109442
0.00108304
0.00107835
0.00107983
0.00108387
0.00108855
0.00109118
0.00109055
0.00108571
0.00107888
0.00107675
0.00107745
0.00107858
0.00107842
0.00107605
0.00107254
0.0010707
0.00107038
0.0010704
0.00106989
0.0010682
0.00106564
0.0010636
0.00106249
0.00106183
0.00106109
0.00106007
0.00105919
0.00105872
0.00105848
0.00105804
0.001057
0.00105536
0.00105328
0.00105104
0.00104895
0.0010473
0.00104623
0.00104563
0.00104523
0.0010437
)
;
    }
    upstream
    {
        type            symmetryPlane;
    }
    defaultFaces
    {
        type            empty;
    }
}


// ************************************************************************* //
