/*--------------------------------*- C++ -*----------------------------------*\
  =========                 |
  \\      /  F ield         | OpenFOAM: The Open Source CFD Toolbox
   \\    /   O peration     | Website:  https://openfoam.org
    \\  /    A nd           | Version:  13
     \\/     M anipulation  |
\*---------------------------------------------------------------------------*/
FoamFile
{
    format      ascii;
    class       volVectorField;
    location    "0.002";
    object      wallShearStress;
}
// * * * * * * * * * * * * * * * * * * * * * * * * * * * * * * * * * * * * * //

dimensions      [1 -1 -2 0 0 0 0];

internalField   uniform (0 0 0);

boundaryField
{
    inlet
    {
        type            calculated;
        value           uniform (0 0 0);
    }
    outlet
    {
        type            calculated;
        value           uniform (0 0 0);
    }
    bottom
    {
        type            calculated;
        value           nonuniform List<vector> 
196
(
(-216.033 0 -4.77589)
(-222.459 0 0.682419)
(-207.166 0 5.24761)
(-175.164 0 3.97144)
(-142.168 0 0.213225)
(-119.134 0 -2.3374)
(-108.061 -1.28788e-21 -2.57853)
(-102.082 -1.16543e-21 -2.91815)
(-97.7816 9.40861e-22 -2.98322)
(-94.3467 9.57911e-22 -2.7596)
(-94.9522 -1.0191e-22 -2.60306)
(-95.6544 -5.20051e-22 -2.46426)
(-95.7941 -4.3947e-23 -2.30071)
(-98.5152 5.10685e-22 -2.22163)
(-98.498 -2.53033e-23 -2.08515)
(-99.3355 -1.65628e-22 -1.96464)
(-99.9735 -1.12227e-22 -1.83667)
(-100.442 -4.84563e-22 -1.71274)
(-100.906 -1.35363e-22 -1.59375)
(-101.289 -3.85178e-23 -1.48668)
(-101.618 3.0226e-22 -1.38662)
(-101.863 -3.50924e-22 -1.29881)
(-101.754 3.58172e-23 -1.22546)
(-101.528 5.88088e-22 -1.14629)
(-101.282 -3.69757e-22 -1.0695)
(-101.032 -6.70609e-22 -1.00569)
(-100.813 -7.93991e-22 -0.948685)
(-100.605 1.35543e-22 -0.898567)
(-100.396 -3.77613e-22 -0.861401)
(-100.247 3.76063e-22 -0.825591)
(-100.074 8.95302e-22 -0.796789)
(-99.9276 -7.95211e-22 -0.773525)
(-99.7926 8.80117e-23 -0.762475)
(-99.6635 -2.93541e-22 -0.754853)
(-99.7506 3.92304e-22 -0.750224)
(-99.4278 -2.70239e-23 -0.751211)
(-99.3558 -3.74181e-22 -0.75416)
(-99.5091 4.5348e-22 -0.73812)
(-99.7161 -6.65198e-22 -0.727514)
(-99.9034 -7.24433e-23 -0.714902)
(-100.068 4.38907e-22 -0.709474)
(-100.25 -6.02572e-24 -0.701612)
(-100.399 -4.7247e-22 -0.702183)
(-100.66 7.54132e-22 -0.684984)
(-100.779 -3.36337e-22 -0.664528)
(-100.923 -1.52839e-22 -0.67379)
(-101.126 5.53842e-23 -0.662553)
(-101.298 1.75879e-22 -0.669119)
(-101.699 2.18978e-22 -0.656436)
(-101.807 5.16244e-23 -0.604312)
(-101.337 -4.29985e-22 -0.565234)
(-99.8717 4.63611e-22 -0.438143)
(-95.9835 -5.2202e-23 -0.294569)
(-89.5065 -2.50334e-22 -0.264102)
(-83.9983 4.68287e-22 -0.33031)
(-80.7464 3.08709e-22 -0.385511)
(-78.7971 -4.08613e-22 -0.386653)
(-77.671 3.60105e-22 -0.371058)
(-76.9764 1.11778e-22 -0.358309)
(-76.5133 3.56223e-22 -0.349291)
(-76.1726 1.97167e-22 -0.342392)
(-75.9079 -3.74043e-22 -0.337197)
(-75.6851 3.15105e-22 -0.332386)
(-75.4994 -1.06033e-22 -0.327665)
(-75.3349 -1.17793e-22 -0.323382)
(-75.197 1.17336e-22 -0.319245)
(-75.0764 -6.53621e-23 -0.315548)
(-74.98 5.66866e-23 -0.311769)
(-74.8969 -2.84491e-22 -0.308418)
(-74.8304 -1.10956e-22 -0.304872)
(-74.7709 -3.72504e-22 -0.301623)
(-74.7223 2.0321e-24 -0.298132)
(-74.6767 2.40047e-22 -0.295178)
(-74.6376 -7.89534e-23 -0.291901)
(-74.5987 -1.61613e-22 -0.289757)
(-74.5365 -8.15131e-24 -0.287659)
(-74.4511 2.6486e-22 -0.28494)
(-74.3689 -2.83298e-22 -0.281282)
(-74.2805 -5.2795e-23 -0.278055)
(-74.2 -9.9876e-23 -0.274511)
(-74.1131 -6.91304e-23 -0.271592)
(-74.0357 -5.04561e-23 -0.268247)
(-73.9546 4.36845e-23 -0.265529)
(-73.8865 -9.62778e-23 -0.262172)
(-73.8176 3.05648e-23 -0.259359)
(-73.7601 1.64554e-22 -0.255854)
(-73.6978 -1.2972e-22 -0.25302)
(-73.6415 1.19053e-22 -0.249573)
(-73.577 -8.30394e-23 -0.24688)
(-73.5177 -4.32136e-23 -0.24362)
(-73.4512 1.32212e-22 -0.241148)
(-73.3906 -8.72265e-24 -0.238083)
(-73.3273 -2.15248e-23 -0.235637)
(-73.2742 -1.41226e-22 -0.232536)
(-73.221 1.82703e-22 -0.230146)
(-73.1752 1.33039e-24 -0.227159)
(-73.1259 -1.13533e-23 -0.22502)
(-73.0794 4.97716e-23 -0.222268)
(-73.0306 -2.57364e-24 -0.220213)
(-72.9845 -8.39283e-23 -0.217538)
(-72.9404 -3.3671e-23 -0.215298)
(-72.8986 -8.42626e-23 -0.212567)
(-72.8588 5.4585e-23 -0.210248)
(-72.8197 1.25343e-22 -0.207447)
(-72.7843 -2.63043e-23 -0.205153)
(-72.7464 -9.25976e-23 -0.202514)
(-72.7131 -1.40895e-22 -0.200429)
(-72.6731 1.93525e-23 -0.198048)
(-72.6422 -1.58451e-22 -0.196055)
(-72.6026 1.92006e-23 -0.193789)
(-72.5801 -6.13128e-23 -0.191684)
(-72.5439 2.82338e-23 -0.189393)
(-72.5289 -1.41231e-23 -0.187407)
(-72.4876 2.06792e-23 -0.185115)
(-72.4694 4.18656e-23 -0.186074)
(-72.2734 -2.048e-22 -0.188991)
(-71.7284 0 -0.240237)
(-68.072 0 -0.5085)
(-50.6568 0 -1.14895)
(-19.0497 0 0.276983)
(-1.6889 0 -0.0822334)
(11.6473 0 -0.434155)
(20.3692 0 -0.21269)
(25.4097 0 0.0571481)
(24.5198 0 0.563984)
(33.3317 0 -0.159671)
(43.0911 0 0.505304)
(42.5384 0 0.579526)
(33.8979 0 1.06769)
(18.8934 0 1.54532)
(1.13521 0 1.26247)
(-11.4677 0 0.856343)
(-30.3682 0 1.25685)
(-54.4733 0 1.37676)
(-80.9069 0 1.72225)
(-107.646 0 1.26022)
(-131.364 0 0.782698)
(-157.505 0 1.20627)
(-177.973 0 1.0689)
(-198.976 0 1.20901)
(-218.186 0 0.975585)
(-236.305 0 0.763207)
(-251.148 0 0.354271)
(-263.11 0 0.0770347)
(-274.551 0 0.0212103)
(-284.289 0 -0.133153)
(-291.323 0 -0.3091)
(-297.021 0 -0.432819)
(-301.999 0 -0.506036)
(-306.681 0 -0.607865)
(-310.211 0 -0.727774)
(-312.925 0 -0.803806)
(-315.219 0 -0.837927)
(-317.21 0 -0.845738)
(-318.644 0 -0.875509)
(-319.329 0 -0.921699)
(-319.16 0 -0.955828)
(-318.879 0 -0.972944)
(-318.643 0 -0.979655)
(-318.435 0 -0.977933)
(-318.501 0 -0.998165)
(-318.275 0 -1.01721)
(-317.843 0 -1.02214)
(-317.393 0 -1.01787)
(-317.004 0 -1.01085)
(-316.409 0 -1.00505)
(-315.824 0 -1.01074)
(-315.032 0 -1.01301)
(-314.03 0 -1.00985)
(-313.161 0 -0.99647)
(-312.361 0 -0.98532)
(-311.784 0 -0.97666)
(-311.342 0 -0.975461)
(-310.693 0 -0.983794)
(-309.721 0 -0.994599)
(-308.669 0 -1.00291)
(-307.249 0 -0.992395)
(-306.158 0 -0.969645)
(-305.524 0 -0.956098)
(-304.938 0 -0.951927)
(-304.253 0 -0.955527)
(-303.175 0 -0.973514)
(-301.376 0 -1.00816)
(-298.51 0 -1.05096)
(-294.533 0 -1.08483)
(-289.801 0 -1.09615)
(-284.83 0 -1.0839)
(-280.028 0 -1.05808)
(-275.47 0 -1.03685)
(-270.942 0 -1.02406)
(-266.061 0 -1.02625)
(-260.466 0 -1.04072)
(-253.661 0 -1.06728)
(-245.75 0 -1.08433)
(-237.029 0 -1.09153)
(-223.423 0 -1.04865)
)
;
    }
    top
    {
        type            calculated;
        value           nonuniform List<vector> 
190
(
(-370.216 -1.55499e-19 57.9689)
(-404.803 -4.55773e-19 68.7333)
(-389.254 -2.24616e-19 60.7443)
(-339.149 -1.42862e-19 55.4651)
(-270.983 -1.05259e-18 49.725)
(-224.864 -3.10118e-19 41.7984)
(-197.624 2.68292e-19 37.2255)
(-178.742 -6.4993e-19 34.2894)
(-167.846 -2.01791e-18 33.2724)
(-161.815 7.36835e-19 32.6896)
(-158.324 7.42882e-19 31.9859)
(-156.472 -6.15975e-19 31.2363)
(-156.15 3.37895e-19 30.6888)
(-156.886 2.32938e-19 30.701)
(-159.278 -7.28305e-19 31.0463)
(-161.531 -2.30576e-19 31.2929)
(-163.272 -8.29973e-19 31.4629)
(-164.691 8.58402e-19 31.6903)
(-165.883 8.79499e-19 31.8974)
(-166.736 -1.38851e-19 31.975)
(-167.263 1.05724e-19 31.9588)
(-167.573 4.73331e-19 31.9216)
(-167.773 -1.71818e-19 31.8935)
(-167.815 -7.13583e-19 31.8442)
(-167.762 -3.59422e-19 31.7778)
(-167.716 -6.82355e-20 31.6987)
(-167.636 4.0371e-19 31.6035)
(-167.383 -5.14468e-19 31.4824)
(-166.959 6.86326e-19 31.3392)
(-166.495 -1.02797e-19 31.1996)
(-166.083 -4.27694e-19 31.0744)
(-165.704 -1.65878e-19 30.9515)
(-165.31 -3.60836e-19 30.8227)
(-164.905 4.06686e-20 30.6938)
(-164.52 9.12264e-22 30.5688)
(-164.135 -1.79071e-19 30.4483)
(-163.728 1.43832e-19 30.3256)
(-163.276 -5.12281e-19 30.1976)
(-162.743 -3.65111e-20 30.0592)
(-162.129 3.48632e-19 29.911)
(-161.497 -1.23672e-19 29.7608)
(-160.932 -2.59826e-19 29.6202)
(-160.463 2.33843e-19 29.4944)
(-160.094 -1.41194e-19 29.3868)
(-159.803 -3.95461e-19 29.2964)
(-159.52 3.50404e-19 29.2109)
(-159.191 5.18476e-19 29.1214)
(-158.791 -4.87135e-19 29.0235)
(-158.339 -1.09419e-19 28.9182)
(-157.903 1.94901e-19 28.8172)
(-157.526 -3.46234e-19 28.7275)
(-157.223 -1.34558e-19 28.6517)
(-156.963 -2.59201e-19 28.5834)
(-156.682 1.07518e-19 28.5115)
(-156.33 -5.95605e-21 28.4288)
(-155.893 2.51129e-20 28.3334)
(-155.389 -2.02031e-19 28.2286)
(-154.87 2.4453e-19 28.1226)
(-154.387 4.34535e-19 28.0245)
(-153.963 2.58812e-19 27.938)
(-153.605 -3.55081e-19 27.8643)
(-153.306 -4.92206e-19 27.8026)
(-153.058 -2.72448e-19 27.7512)
(-152.838 1.56543e-19 27.7054)
(-152.628 -4.91777e-20 27.6612)
(-152.406 1.45256e-20 27.6139)
(-152.162 2.33485e-19 27.5619)
(-151.888 3.21169e-20 27.5038)
(-151.614 3.61716e-19 27.4459)
(-151.367 4.76496e-20 27.3941)
(-151.164 -1.54166e-19 27.3504)
(-151.025 1.51778e-19 27.3203)
(-150.899 2.15018e-19 27.2901)
(-150.829 1.80868e-19 27.2748)
(-150.675 3.77641e-20 27.2374)
(-150.591 5.17181e-20 27.2255)
(-153.552 1.33979e-20 27.7826)
(-151.177 3.31445e-20 27.3539)
(-152.67 3.24388e-19 27.626)
(-151.187 -1.48321e-19 27.3522)
(-152.191 2.02349e-19 27.5425)
(-153.659 -4.5257e-20 27.7972)
(-152.059 -1.62284e-19 27.5057)
(-153.399 9.02832e-20 27.7463)
(-156.13 3.12244e-19 28.2392)
(-158.378 -3.46958e-19 28.6455)
(-157.572 -3.38328e-19 28.4993)
(-159.304 1.68674e-19 28.813)
(-156.693 8.46917e-20 28.3322)
(-158.85 2.1367e-19 28.7226)
(-156.792 8.47036e-20 28.345)
(-158.706 -3.02607e-19 28.6814)
(-156.427 -1.55737e-19 28.2749)
(-157.527 1.44618e-19 28.4692)
(-162.425 4.76536e-20 29.3517)
(-161.163 -3.73084e-20 29.1253)
(-159.703 -2.12134e-19 28.8596)
(-159.331 5.3808e-20 28.79)
(-159.965 -5.26626e-19 28.9012)
(-162.629 -4.15835e-19 29.3718)
(-161.132 -6.65083e-20 29.1061)
(-161.599 -1.70443e-19 29.1925)
(-163.927 3.53465e-21 29.6102)
(-163.158 5.70586e-21 29.4681)
(-163.367 1.41081e-19 29.5152)
(-164.725 -2.02218e-19 29.7521)
(-166.891 2.02338e-19 30.1612)
(-162.93 -8.69965e-21 29.4124)
(-165.245 -1.70953e-19 29.4756)
(-196.538 2.2554e-19 37.912)
(-190.435 0 7.53895)
(-172.927 0 3.59795)
(-156.476 0 2.58247)
(-145.521 0 1.7228)
(-142.147 0 1.33779)
(-138.734 0 1.3678)
(-135.964 0 1.18253)
(-133.813 0 0.508097)
(-126.581 0 0.203348)
(-113.824 0 0.25355)
(-103.788 0 0.498405)
(-97.7159 0 0.546276)
(-93.2293 0 0.518836)
(-90.02 0 0.471222)
(-87.9892 0 0.417449)
(-86.3946 0 0.377684)
(-84.819 0 0.347616)
(-83.3712 0 0.322831)
(-82.281 0 0.29137)
(-81.3683 0 0.266962)
(-80.5467 0 0.250785)
(-80.0884 0 0.245849)
(-79.8681 0 0.233174)
(-79.5377 0 0.226243)
(-78.9969 0 0.217408)
(-78.453 0 0.216071)
(-78.054 0 0.213462)
(-77.8009 0 0.20655)
(-77.7181 0 0.196609)
(-77.7423 0 0.179524)
(-77.7058 0 0.161294)
(-77.4213 0 0.145637)
(-76.8739 0 0.151758)
(-76.4446 0 0.182218)
(-76.4316 0 0.203293)
(-76.6249 0 0.194245)
(-76.9823 0 0.18257)
(-77.2482 0 0.154266)
(-77.222 0 0.117644)
(-76.7788 0 0.0949791)
(-75.9801 0 0.117086)
(-75.6508 0 0.164787)
(-75.7547 0 0.172591)
(-76.0381 0 0.175291)
(-76.3668 0 0.165143)
(-76.551 0 0.141885)
(-76.5069 0 0.115758)
(-76.1672 0 0.103596)
(-75.6885 0 0.119628)
(-75.5387 0 0.139199)
(-75.5881 0 0.142718)
(-75.667 0 0.136869)
(-75.6562 0 0.126481)
(-75.49 0 0.119085)
(-75.2437 0 0.121095)
(-75.1142 0 0.128461)
(-75.0917 0 0.130823)
(-75.0932 0 0.12838)
(-75.0574 0 0.123208)
(-74.9392 0 0.117622)
(-74.7597 0 0.115259)
(-74.6164 0 0.116004)
(-74.5384 0 0.115498)
(-74.4922 0 0.112573)
(-74.4402 0 0.10909)
(-74.3688 0 0.107521)
(-74.3068 0 0.108487)
(-74.2738 0 0.110068)
(-74.2568 0 0.109747)
(-74.2261 0 0.108751)
(-74.1533 0 0.107116)
(-74.0379 0 0.105603)
(-73.8921 0 0.104294)
(-73.7348 0 0.103539)
(-73.5883 0 0.10299)
(-73.4727 0 0.102967)
(-73.3978 0 0.102723)
(-73.3557 0 0.101539)
(-73.3274 0 0.0988969)
(-73.2202 0 0.0960655)
)
;
    }
    upstream
    {
        type            symmetryPlane;
    }
    defaultFaces
    {
        type            empty;
    }
}


// ************************************************************************* //
