/*--------------------------------*- C++ -*----------------------------------*\
  =========                 |
  \\      /  F ield         | OpenFOAM: The Open Source CFD Toolbox
   \\    /   O peration     | Website:  https://openfoam.org
    \\  /    A nd           | Version:  13
     \\/     M anipulation  |
\*---------------------------------------------------------------------------*/
FoamFile
{
    format      ascii;
    class       volScalarField;
    location    "0.0016";
    object      Cf;
}
// * * * * * * * * * * * * * * * * * * * * * * * * * * * * * * * * * * * * * //

dimensions      [];

internalField   uniform 0;

boundaryField
{
    inlet
    {
        type            calculated;
        value           uniform 0;
    }
    outlet
    {
        type            calculated;
        value           uniform 0;
    }
    bottom
    {
        type            calculated;
        value           nonuniform List<scalar> 
196
(
0.00304025
0.00317099
0.00295327
0.0024718
0.00200273
0.00169987
0.00156616
0.00144519
0.00140204
0.00134252
0.00133183
0.00136139
0.00137757
0.00138885
0.00140462
0.00141564
0.00142434
0.00143187
0.00143883
0.00144423
0.00145983
0.00146544
0.00145048
0.00144686
0.00144371
0.00145432
0.00143701
0.00143408
0.00143106
0.00143928
0.00142616
0.00142435
0.00142212
0.00142029
0.0014188
0.00141705
0.00141639
0.00141838
0.00142109
0.00142388
0.00142664
0.00142946
0.00143128
0.00143427
0.00143649
0.00143913
0.00144151
0.00144518
0.00144953
0.00145149
0.001445
0.0014239
0.00136803
0.00127578
0.00119752
0.00115123
0.00112344
0.00110735
0.0010974
0.00109072
0.00108578
0.00108196
0.00107875
0.00107611
0.00107382
0.00107191
0.00107022
0.00106885
0.00106766
0.00106667
0.00106577
0.00106506
0.00106443
0.00106387
0.00106327
0.00106231
0.00106102
0.00105983
0.0010586
0.00105756
0.00105644
0.00105543
0.00105429
0.00105326
0.00105214
0.00105116
0.00105013
0.00104929
0.00104843
0.00104774
0.00104697
0.00104628
0.00104548
0.00104475
0.00104394
0.00104321
0.00104245
0.00104178
0.00104113
0.00104054
0.00103996
0.00103937
0.00103875
0.00103811
0.00103754
0.00103695
0.00103648
0.00103597
0.00103561
0.00103514
0.00103489
0.0010344
0.00103418
0.00103354
0.00103321
0.00103041
0.00102277
0.000971794
0.000726904
0.000275333
2.5065e-05
-0.00016445
-0.00028878
-0.000360987
-0.000347768
-0.000473063
-0.000616701
-0.000610598
-0.000487231
-0.000271049
-1.4845e-05
0.000166746
0.000443506
0.000787294
0.00115868
0.00154002
0.0018827
0.0022469
0.00254616
0.00281647
0.00311962
0.00338376
0.00359137
0.0037588
0.00390752
0.00404056
0.00414046
0.00422108
0.00429592
0.00436415
0.00441921
0.00446056
0.00448983
0.00451367
0.00453399
0.00454885
0.00455404
0.00455698
0.00455806
0.00455526
0.00455511
0.00454952
0.00454075
0.00453031
0.00451854
0.00450627
0.00449385
0.00447913
0.00446653
0.00445797
0.00445232
0.00444615
0.00444138
0.00443313
0.00441968
0.00440484
0.00438636
0.00437145
0.00436184
0.00435266
0.00434187
0.00432519
0.00429847
0.00425724
0.00420022
0.00413206
0.00405985
0.00398911
0.0039209
0.00385285
0.0037803
0.00369959
0.00360546
0.0034989
0.00338163
0.00319546
)
;
    }
    top
    {
        type            calculated;
        value           nonuniform List<scalar> 
190
(
0.00526421
0.00593106
0.00556084
0.00476478
0.00390619
0.00319844
0.00277896
0.0025565
0.00244209
0.00235106
0.00227803
0.00224101
0.00223605
0.00224703
0.00228175
0.0023123
0.00233334
0.00234954
0.00236484
0.0023787
0.00238836
0.00239175
0.00239047
0.002388
0.00238589
0.00238524
0.00238453
0.00238227
0.00237781
0.00237155
0.00236472
0.00235823
0.00235193
0.00234485
0.00233698
0.00232905
0.00232197
0.00231651
0.00231173
0.00230657
0.00230007
0.00229172
0.00228213
0.00227337
0.00226741
0.00226428
0.00226268
0.00226094
0.00225805
0.00225397
0.00224909
0.00224425
0.0022401
0.0022367
0.00223366
0.00223022
0.00222568
0.00221949
0.00221177
0.00220338
0.0021955
0.00218895
0.00218421
0.00218093
0.00217827
0.00217562
0.00217266
0.00216922
0.00216517
0.0021609
0.00215682
0.00215337
0.00215049
0.00214867
0.00214731
0.00214575
0.00214697
0.00221272
0.00215177
0.00216396
0.00220938
0.00221352
0.00217126
0.00223616
0.00217901
0.00221316
0.00221342
0.00223984
0.00220186
0.00228167
0.00223537
0.00227401
0.00226113
0.00222964
0.00226804
0.00227156
0.00224861
0.0023079
0.00231367
0.00233555
0.00227587
0.00230141
0.0022885
0.00229462
0.00230075
0.00232345
0.00237588
0.00231191
0.00236304
0.00272487
0.00273639
0.00247082
0.00220401
0.00208286
0.00202987
0.0019685
0.00195006
0.00191903
0.00179671
0.00161256
0.00147774
0.00139022
0.00132697
0.00128571
0.0012577
0.00123285
0.00120714
0.0011868
0.00117057
0.00115453
0.00114345
0.00113982
0.00113717
0.00113148
0.00112457
0.00111945
0.00111533
0.00111238
0.00111116
0.00110978
0.00110586
0.00109963
0.00109585
0.00109638
0.00109892
0.00110299
0.00110508
0.00110249
0.0010916
0.00107959
0.00107904
0.00108206
0.00108706
0.00109103
0.00109136
0.00108776
0.00108084
0.00107778
0.00107874
0.00108104
0.00108286
0.0010828
0.00108034
0.00107673
0.00107463
0.00107387
0.00107335
0.00107195
0.00106915
0.00106619
0.00106477
0.00106431
0.00106388
0.00106277
0.00106076
0.00105857
0.00105735
0.00105701
0.00105692
0.00105663
0.00105593
0.00105488
0.00105355
0.00105196
0.00105018
0.00104827
0.00104643
0.0010447
0.00104328
0.00104145
)
;
    }
    upstream
    {
        type            symmetryPlane;
    }
    defaultFaces
    {
        type            empty;
    }
}


// ************************************************************************* //
