/*--------------------------------*- C++ -*----------------------------------*\
  =========                 |
  \\      /  F ield         | OpenFOAM: The Open Source CFD Toolbox
   \\    /   O peration     | Website:  https://openfoam.org
    \\  /    A nd           | Version:  13
     \\/     M anipulation  |
\*---------------------------------------------------------------------------*/
FoamFile
{
    format      ascii;
    class       volVectorField;
    location    "0.0016";
    object      wallShearStress;
}
// * * * * * * * * * * * * * * * * * * * * * * * * * * * * * * * * * * * * * //

dimensions      [1 -1 -2 0 0 0 0];

internalField   uniform (0 0 0);

boundaryField
{
    inlet
    {
        type            calculated;
        value           uniform (0 0 0);
    }
    outlet
    {
        type            calculated;
        value           uniform (0 0 0);
    }
    bottom
    {
        type            calculated;
        value           nonuniform List<vector> 
196
(
(-213.287 0 -4.7217)
(-222.459 0 0.68081)
(-207.185 0 5.24772)
(-173.408 0 3.91754)
(-140.5 0 0.213934)
(-119.253 0 -2.32583)
(-109.873 -1.32712e-21 -2.65929)
(-101.387 -1.14061e-21 -2.89437)
(-98.3597 9.37003e-22 -2.95174)
(-94.1837 9.53134e-22 -2.72893)
(-93.4337 -9.97073e-23 -2.55532)
(-95.5079 -5.16258e-22 -2.45482)
(-96.6428 -4.44085e-23 -2.30905)
(-97.4338 5.03954e-22 -2.18416)
(-98.5403 -2.52532e-23 -2.079)
(-99.3138 -1.65692e-22 -1.96006)
(-99.9238 -1.12237e-22 -1.83209)
(-100.452 -4.83855e-22 -1.70995)
(-100.94 -1.35598e-22 -1.59675)
(-101.319 -3.85965e-23 -1.48958)
(-102.414 3.04078e-22 -1.39594)
(-102.807 -3.54436e-22 -1.31107)
(-101.758 3.57272e-23 -1.22147)
(-101.504 5.88625e-22 -1.14781)
(-101.283 -3.71215e-22 -1.07509)
(-102.027 -6.77234e-22 -1.01559)
(-100.813 -7.94014e-22 -0.947458)
(-100.607 1.35535e-22 -0.898283)
(-100.395 -3.76116e-22 -0.85741)
(-100.972 3.77772e-22 -0.828974)
(-100.051 8.9611e-22 -0.79957)
(-99.9242 -7.96638e-22 -0.778289)
(-99.7684 8.78965e-23 -0.761258)
(-99.6399 -2.93893e-22 -0.754024)
(-99.5352 3.92722e-22 -0.750523)
(-99.4121 -2.70593e-23 -0.752695)
(-99.3661 -3.73789e-22 -0.754878)
(-99.5054 4.52963e-22 -0.735427)
(-99.6955 -6.66075e-22 -0.727191)
(-99.8915 -7.27294e-23 -0.719729)
(-100.085 4.41683e-22 -0.716522)
(-100.283 -6.03446e-24 -0.701226)
(-100.411 -4.66424e-22 -0.689813)
(-100.62 7.56981e-22 -0.686943)
(-100.776 -3.37581e-22 -0.675603)
(-100.962 -1.5314e-22 -0.671157)
(-101.128 5.50729e-23 -0.665758)
(-101.386 1.77457e-22 -0.67257)
(-101.691 2.23134e-22 -0.653063)
(-101.829 5.16179e-23 -0.605015)
(-101.373 -4.29755e-22 -0.566493)
(-99.8927 4.64115e-22 -0.43795)
(-95.9733 -5.22631e-23 -0.293781)
(-89.5014 -2.49957e-22 -0.263407)
(-84.011 4.67879e-22 -0.330079)
(-80.764 3.08655e-22 -0.385251)
(-78.8141 -4.08474e-22 -0.386255)
(-77.6856 3.59889e-22 -0.370601)
(-76.9873 1.11651e-22 -0.357698)
(-76.5187 3.55645e-22 -0.348573)
(-76.1721 1.9676e-22 -0.341604)
(-75.904 -3.73105e-22 -0.336331)
(-75.679 3.14424e-22 -0.331733)
(-75.4941 -1.05861e-22 -0.327216)
(-75.3333 -1.17652e-22 -0.323034)
(-75.1995 1.17206e-22 -0.31889)
(-75.0804 -6.52873e-23 -0.315156)
(-74.9848 5.66032e-23 -0.31128)
(-74.901 -2.83977e-22 -0.30789)
(-74.8317 -1.10756e-22 -0.304419)
(-74.7685 -3.71938e-22 -0.301281)
(-74.7189 2.02919e-24 -0.297806)
(-74.6743 2.39684e-22 -0.294823)
(-74.6351 -7.88317e-23 -0.291563)
(-74.5929 -1.61398e-22 -0.289541)
(-74.5256 -8.14374e-24 -0.287605)
(-74.4353 2.64835e-22 -0.285122)
(-74.3516 -2.83532e-22 -0.281651)
(-74.2655 -5.28819e-23 -0.278518)
(-74.1923 -1.00041e-22 -0.274846)
(-74.1138 -6.92055e-23 -0.271712)
(-74.0432 -5.04601e-23 -0.268101)
(-73.9634 4.36421e-23 -0.265193)
(-73.8911 -9.61001e-23 -0.26174)
(-73.8123 3.05007e-23 -0.259008)
(-73.7437 1.64296e-22 -0.255752)
(-73.6716 -1.29666e-22 -0.253229)
(-73.6126 1.19198e-22 -0.250111)
(-73.5522 -8.3246e-23 -0.247622)
(-73.5034 -4.33675e-23 -0.24448)
(-73.4495 1.32735e-22 -0.242012)
(-73.4011 -8.7568e-24 -0.238881)
(-73.3448 -2.16046e-23 -0.236397)
(-73.2938 -1.41672e-22 -0.233188)
(-73.2371 1.83223e-22 -0.230774)
(-73.1856 1.33395e-24 -0.227732)
(-73.1324 -1.13774e-23 -0.225419)
(-73.0853 4.98657e-23 -0.222545)
(-73.0397 -2.57548e-24 -0.220195)
(-72.9987 -8.3912e-23 -0.217334)
(-72.9577 -3.36405e-23 -0.215031)
(-72.9162 -8.41496e-23 -0.212305)
(-72.873 5.45417e-23 -0.210188)
(-72.8283 1.25337e-22 -0.207574)
(-72.7878 -2.63249e-23 -0.205431)
(-72.7467 -9.27504e-23 -0.202909)
(-72.7139 -1.41171e-22 -0.200805)
(-72.6778 1.939e-23 -0.198364)
(-72.6526 -1.58751e-22 -0.19631)
(-72.6198 1.92247e-23 -0.193928)
(-72.6019 -6.139e-23 -0.191836)
(-72.5677 2.82571e-23 -0.189479)
(-72.5524 -1.41309e-23 -0.187472)
(-72.5072 2.06921e-23 -0.185202)
(-72.484 4.18795e-23 -0.18609)
(-72.2878 -2.04557e-22 -0.188631)
(-71.7521 0 -0.238575)
(-68.1757 0 -0.502332)
(-50.9955 0 -1.14293)
(-19.3158 0 0.263058)
(-1.75842 0 -0.0781974)
(11.5369 0 -0.430868)
(20.2592 0 -0.215668)
(25.3249 0 0.0466054)
(24.3975 0 0.545263)
(33.1875 0 0.453472)
(43.2643 0 0.500502)
(42.8362 0 0.516732)
(34.1814 0 0.914892)
(19.0153 0 1.34685)
(1.04145 0 1.13555)
(-11.698 0 0.855531)
(-31.1139 0 1.30668)
(-55.2322 0 1.48563)
(-81.2864 0 1.79299)
(-108.04 0 1.26959)
(-132.079 0 0.768718)
(-157.63 0 1.18887)
(-178.625 0 1.13906)
(-197.588 0 1.08924)
(-218.856 0 1.07942)
(-237.386 0 0.684801)
(-251.95 0 0.311837)
(-263.697 0 0.102925)
(-274.13 0 0.058039)
(-283.464 0 -0.124449)
(-290.472 0 -0.318162)
(-296.128 0 -0.444404)
(-301.378 0 -0.516388)
(-306.165 0 -0.604292)
(-310.027 0 -0.712155)
(-312.928 0 -0.787743)
(-314.982 0 -0.832968)
(-316.654 0 -0.852274)
(-318.08 0 -0.868621)
(-319.122 0 -0.922809)
(-319.486 0 -0.96956)
(-319.692 0 -0.989543)
(-319.768 0 -0.99586)
(-319.572 0 -0.989239)
(-319.561 0 -1.00485)
(-319.169 0 -1.02023)
(-318.554 0 -1.02953)
(-317.822 0 -1.02612)
(-316.996 0 -1.01508)
(-316.135 0 -1.00527)
(-315.264 0 -1.01504)
(-314.231 0 -1.02053)
(-313.347 0 -1.01316)
(-312.747 0 -1.00551)
(-312.35 0 -0.987474)
(-311.917 0 -0.97868)
(-311.583 0 -0.973723)
(-311.004 0 -0.981275)
(-310.06 0 -0.995111)
(-309.019 0 -1.00634)
(-307.722 0 -0.997604)
(-306.677 0 -0.977754)
(-306.002 0 -0.962479)
(-305.359 0 -0.955423)
(-304.601 0 -0.956598)
(-303.432 0 -0.972939)
(-301.557 0 -1.00625)
(-298.665 0 -1.0494)
(-294.664 0 -1.08402)
(-289.882 0 -1.09456)
(-284.817 0 -1.07931)
(-279.854 0 -1.0526)
(-275.069 0 -1.03112)
(-270.294 0 -1.01972)
(-265.205 0 -1.02493)
(-259.543 0 -1.04287)
(-252.939 0 -1.07202)
(-245.464 0 -1.09223)
(-237.237 0 -1.10154)
(-224.176 0 -1.06028)
)
;
    }
    top
    {
        type            calculated;
        value           nonuniform List<vector> 
190
(
(-369.308 -3.18715e-19 56.9653)
(-416.09 9.69768e-19 62.419)
(-390.118 4.42322e-21 60.2502)
(-334.27 7.8617e-19 54.5319)
(-274.037 -5.21214e-19 48.4463)
(-224.385 -6.82848e-19 45.3951)
(-194.956 1.01875e-18 40.5425)
(-179.35 -1.63262e-19 34.8192)
(-171.324 -9.03729e-19 32.0258)
(-164.937 1.03239e-19 31.1229)
(-159.814 4.06509e-19 30.6705)
(-157.217 -4.43979e-19 30.2618)
(-156.869 2.43795e-19 30.0725)
(-157.639 1.98041e-19 30.4195)
(-160.075 -7.16931e-19 31.0538)
(-162.218 -3.06005e-19 31.4855)
(-163.694 -8.64501e-19 31.6777)
(-164.831 8.64393e-19 31.7355)
(-165.904 8.4916e-19 31.8597)
(-166.876 -1.64937e-19 31.9879)
(-167.554 1.09552e-19 32.0341)
(-167.792 4.88335e-19 31.9851)
(-167.702 -1.56345e-19 31.8823)
(-167.529 -7.01426e-19 31.78)
(-167.381 -3.57299e-19 31.7002)
(-167.335 -7.86254e-20 31.6355)
(-167.286 3.84792e-19 31.5614)
(-167.127 -5.23557e-19 31.4644)
(-166.814 6.86618e-19 31.3395)
(-166.375 -9.12868e-20 31.1946)
(-165.895 -4.3101e-19 31.0449)
(-165.44 -1.65678e-19 30.9005)
(-164.999 -3.58611e-19 30.762)
(-164.502 4.03928e-20 30.6167)
(-163.95 1.23957e-21 30.4679)
(-163.393 -1.81728e-19 30.3198)
(-162.897 1.44052e-19 30.1858)
(-162.513 -5.23073e-19 30.0783)
(-162.178 -3.73752e-20 29.9812)
(-161.816 3.62084e-19 29.8796)
(-161.36 -1.28164e-19 29.7622)
(-160.774 -2.66413e-19 29.6236)
(-160.102 2.38637e-19 29.4686)
(-159.487 -1.46403e-19 29.3166)
(-159.069 -4.07783e-19 29.1978)
(-158.85 3.57875e-19 29.1162)
(-158.737 5.50946e-19 29.0592)
(-158.615 -4.96856e-19 29.0092)
(-158.412 -1.06262e-19 28.9488)
(-158.126 2.20136e-19 28.8772)
(-157.783 -3.71343e-19 28.7949)
(-157.444 -1.40909e-19 28.7125)
(-157.153 -2.68264e-19 28.639)
(-156.915 1.12066e-19 28.5745)
(-156.701 -6.09004e-21 28.514)
(-156.46 2.63508e-20 28.4486)
(-156.142 -2.04498e-19 28.3704)
(-155.707 2.45618e-19 28.2738)
(-155.165 4.3448e-19 28.1604)
(-154.577 2.57134e-19 28.0405)
(-154.024 -3.52507e-19 27.9275)
(-153.565 -4.85862e-19 27.8314)
(-153.232 -2.65306e-19 27.7593)
(-153.002 1.5795e-19 27.7079)
(-152.815 -5.08589e-20 27.6651)
(-152.629 1.4267e-20 27.6238)
(-152.422 2.30853e-19 27.5809)
(-152.18 3.03008e-20 27.5341)
(-151.897 3.55906e-19 27.4809)
(-151.597 4.70281e-20 27.4254)
(-151.311 -1.53395e-19 27.3713)
(-151.068 1.49958e-19 27.3256)
(-150.866 2.14617e-19 27.2841)
(-150.739 1.78368e-19 27.2561)
(-150.644 3.85367e-20 27.2355)
(-150.534 5.15409e-20 27.2034)
(-150.619 1.26023e-20 27.2337)
(-155.232 3.45008e-20 28.0894)
(-150.956 3.11952e-19 27.3121)
(-151.812 -1.52117e-19 27.4726)
(-154.998 1.99488e-19 28.0401)
(-155.289 -4.38544e-20 28.0808)
(-152.323 -1.62367e-19 27.5458)
(-156.876 9.15802e-20 28.3625)
(-152.867 3.05175e-19 27.6385)
(-155.263 -3.34518e-19 28.0698)
(-155.281 -3.26337e-19 28.07)
(-157.134 1.61672e-19 28.405)
(-154.47 8.14477e-20 27.9302)
(-160.069 2.14895e-19 28.9386)
(-156.821 8.5041e-20 28.3495)
(-159.532 -3.04503e-19 28.8435)
(-158.628 -1.58126e-19 28.6791)
(-156.419 1.44371e-19 28.2773)
(-159.113 4.75831e-20 28.7677)
(-159.36 -3.74715e-20 28.813)
(-157.75 -2.14169e-19 28.5249)
(-161.909 5.83579e-20 29.2766)
(-162.314 -5.49541e-19 29.3465)
(-163.849 -4.31876e-19 29.6127)
(-159.662 -6.71112e-20 28.8551)
(-161.454 -1.72915e-19 29.1751)
(-160.549 4.57254e-21 29.0089)
(-160.978 5.78246e-21 29.0756)
(-161.408 1.38576e-19 29.1575)
(-163 -1.9726e-19 29.4285)
(-166.678 1.9858e-19 30.1145)
(-162.191 -8.91096e-21 29.2722)
(-165.778 -1.68699e-19 29.5706)
(-191.162 2.18802e-19 36.9134)
(-191.97 0 7.7114)
(-173.339 0 3.70445)
(-154.621 0 2.51639)
(-146.122 0 1.7171)
(-142.404 0 1.48603)
(-138.099 0 1.36869)
(-136.806 0 0.985016)
(-134.628 0 0.484132)
(-126.047 0 0.224563)
(-113.128 0 0.265456)
(-103.67 0 0.500398)
(-97.5303 0 0.558489)
(-93.093 0 0.52416)
(-90.198 0 0.462616)
(-88.2335 0 0.403182)
(-86.4901 0 0.365629)
(-84.6862 0 0.340162)
(-83.2591 0 0.316233)
(-82.121 0 0.28971)
(-80.9956 0 0.269478)
(-80.2178 0 0.260261)
(-79.9631 0 0.246204)
(-79.7779 0 0.235694)
(-79.3785 0 0.230242)
(-78.8939 0 0.224897)
(-78.5343 0 0.218144)
(-78.2451 0 0.208438)
(-78.0387 0 0.196259)
(-77.9528 0 0.181175)
(-77.8563 0 0.168468)
(-77.5808 0 0.165853)
(-77.1438 0 0.178442)
(-76.8784 0 0.201891)
(-76.9161 0 0.206771)
(-77.0939 0 0.191596)
(-77.3797 0 0.170877)
(-77.5263 0 0.13531)
(-77.3443 0 0.096999)
(-76.5809 0 0.0880643)
(-75.738 0 0.147367)
(-75.6991 0 0.18478)
(-75.9112 0 0.181813)
(-76.2619 0 0.179184)
(-76.541 0 0.15709)
(-76.5639 0 0.127644)
(-76.3113 0 0.106646)
(-75.8258 0 0.114617)
(-75.6112 0 0.14051)
(-75.6786 0 0.149691)
(-75.8398 0 0.147665)
(-75.9676 0 0.139365)
(-75.9632 0 0.127837)
(-75.791 0 0.121203)
(-75.5371 0 0.123096)
(-75.3898 0 0.128224)
(-75.3367 0 0.128361)
(-75.3002 0 0.123541)
(-75.2018 0 0.117532)
(-75.0054 0 0.114167)
(-74.7983 0 0.116859)
(-74.6985 0 0.119753)
(-74.6662 0 0.117637)
(-74.6356 0 0.112349)
(-74.5578 0 0.106699)
(-74.4174 0 0.103658)
(-74.2633 0 0.105878)
(-74.1781 0 0.110228)
(-74.154 0 0.112596)
(-74.1474 0 0.112435)
(-74.1275 0 0.11131)
(-74.0785 0 0.109336)
(-74.0042 0 0.107208)
(-73.9109 0 0.104972)
(-73.7995 0 0.103031)
(-73.6751 0 0.101016)
(-73.5409 0 0.0998503)
(-73.4114 0 0.0985434)
(-73.2902 0 0.0978972)
(-73.1909 0 0.0971926)
(-73.0626 0 0.0975175)
)
;
    }
    upstream
    {
        type            symmetryPlane;
    }
    defaultFaces
    {
        type            empty;
    }
}


// ************************************************************************* //
