/*--------------------------------*- C++ -*----------------------------------*\
  =========                 |
  \\      /  F ield         | OpenFOAM: The Open Source CFD Toolbox
   \\    /   O peration     | Website:  https://openfoam.org
    \\  /    A nd           | Version:  13
     \\/     M anipulation  |
\*---------------------------------------------------------------------------*/
FoamFile
{
    format      ascii;
    class       volScalarField;
    location    "0.0006";
    object      Cf;
}
// * * * * * * * * * * * * * * * * * * * * * * * * * * * * * * * * * * * * * //

dimensions      [];

internalField   uniform 0;

boundaryField
{
    inlet
    {
        type            calculated;
        value           uniform 0;
    }
    outlet
    {
        type            calculated;
        value           uniform 0;
    }
    bottom
    {
        type            calculated;
        value           nonuniform List<scalar> 
196
(
0.00301312
0.00316955
0.0029533
0.00245008
0.00203299
0.00171035
0.00153236
0.00145305
0.00140033
0.00134303
0.00134568
0.00135871
0.00136527
0.00138776
0.00142016
0.00142432
0.00143895
0.00143185
0.00143836
0.00144401
0.00144846
0.00145208
0.00145964
0.00144723
0.00145731
0.00144637
0.00143705
0.00143437
0.00143126
0.0014289
0.00142645
0.00142461
0.00142204
0.00142036
0.00141894
0.00141705
0.00141642
0.0014184
0.00142145
0.00142417
0.00142653
0.00142881
0.00143106
0.00143392
0.00143655
0.00143878
0.00144202
0.00144448
0.00144824
0.00145256
0.00144532
0.00142298
0.00136692
0.00127477
0.00119654
0.00115045
0.00112299
0.00110703
0.00109714
0.00109047
0.00108563
0.00108184
0.00107869
0.00107602
0.00107374
0.00107178
0.00107013
0.00106873
0.00106758
0.00106652
0.00106563
0.00106483
0.00106424
0.0010637
0.00106322
0.00106236
0.00106123
0.0010601
0.00105897
0.00105787
0.00105672
0.00105564
0.0010545
0.00105346
0.00105243
0.00105149
0.00105057
0.00104968
0.00104879
0.00104792
0.00104709
0.00104626
0.00104554
0.00104482
0.00104421
0.00104357
0.00104299
0.00104232
0.00104172
0.00104106
0.00104051
0.00103992
0.00103943
0.00103883
0.00103835
0.00103782
0.00103742
0.00103696
0.00103664
0.0010362
0.00103586
0.00103542
0.00103513
0.00103465
0.00103416
0.00103313
0.00103523
0.00103513
0.00103486
0.00103456
0.00103391
0.00103344
0.00103363
0.00102863
0.000982211
0.00067474
0.000112386
-0.000349266
-0.000529435
-0.000372524
6.18782e-06
0.000301917
0.000846034
0.00139356
0.00195985
0.00240914
0.00288278
0.00329863
0.00360793
0.00389272
0.00416217
0.00437511
0.0045233
0.00463796
0.00473641
0.0048097
0.00485773
0.00487963
0.00489274
0.00489853
0.00489707
0.00487558
0.0048458
0.00479758
0.00476493
0.00475186
0.00474877
0.00474595
0.00473627
0.00472237
0.00471273
0.00470453
0.00469195
0.0046772
0.00466093
0.0046431
0.00462498
0.00460727
0.00458508
0.00457479
0.00457455
0.00457745
0.00457962
0.00457989
0.00457731
0.0045673
0.0045543
0.00454416
0.00453654
0.00453159
0.00452555
0.00451337
0.00448952
0.0044495
0.00439978
0.00435394
0.00431691
0.00428457
0.00424649
0.00419082
0.00410713
0.00399795
0.00387155
0.00374148
0.00361819
0.00341432
)
;
    }
    top
    {
        type            calculated;
        value           nonuniform List<scalar> 
190
(
0.00526283
0.00594801
0.00554296
0.00474605
0.00390136
0.0032179
0.00276811
0.00251605
0.00238932
0.00231338
0.00226586
0.00223874
0.00222533
0.00223274
0.00226956
0.00230765
0.00233877
0.00236001
0.00237007
0.00237188
0.0023705
0.00236911
0.00236718
0.00236621
0.00236424
0.00236136
0.00235984
0.00236044
0.00236234
0.0023628
0.00236021
0.00235476
0.00234757
0.00233984
0.00233285
0.00232646
0.00231921
0.00231114
0.00230298
0.00229625
0.00229145
0.00228746
0.00228321
0.00227822
0.00227255
0.00226666
0.00226134
0.0022568
0.002253
0.00224933
0.00224501
0.0022396
0.00223337
0.00222735
0.00222251
0.00221905
0.00221639
0.00221369
0.00221019
0.00220565
0.00220014
0.00219412
0.00218834
0.00218328
0.00217914
0.00217588
0.00217322
0.00217066
0.00216811
0.0021653
0.00216231
0.00215915
0.00215554
0.00215219
0.00214755
0.00214509
0.00217123
0.00214646
0.002225
0.00214962
0.00216453
0.00215759
0.00223825
0.00219486
0.00225042
0.00220268
0.00219604
0.0021985
0.00222044
0.00226558
0.00226813
0.00228056
0.00226109
0.00223149
0.00226996
0.00231348
0.00229766
0.00230166
0.00234106
0.00234001
0.00231797
0.00228352
0.00228992
0.00234443
0.00234117
0.00235611
0.00239364
0.00239446
0.00237249
0.00277305
0.00273224
0.0024779
0.00225581
0.00208566
0.00202619
0.00199342
0.00194309
0.00189732
0.00180461
0.00163234
0.00147992
0.00139187
0.00133522
0.0012863
0.00125539
0.00123599
0.00121608
0.00119805
0.00118387
0.00116928
0.00115878
0.00115521
0.00115247
0.00114726
0.00114226
0.00113813
0.00113289
0.00112811
0.00112572
0.0011239
0.00112117
0.00111788
0.00111584
0.00111611
0.00111776
0.00111955
0.00111865
0.00111148
0.00110077
0.00109641
0.0010985
0.00110278
0.00110731
0.00110965
0.00110816
0.00110106
0.00109226
0.0010882
0.00108774
0.0010882
0.00108736
0.00108339
0.00107745
0.00107309
0.00107069
0.00106895
0.00106662
0.00106304
0.00105879
0.0010555
0.0010535
0.00105204
0.00105042
0.00104855
0.00104671
0.00104504
0.00104322
0.00104091
0.00103808
0.00103506
0.00103232
0.00103009
0.00102815
0.00102621
0.00102417
0.00102235
0.00102036
0.00101778
0.00101546
0.0010112
)
;
    }
    upstream
    {
        type            symmetryPlane;
    }
    defaultFaces
    {
        type            empty;
    }
}


// ************************************************************************* //
