/*--------------------------------*- C++ -*----------------------------------*\
  =========                 |
  \\      /  F ield         | OpenFOAM: The Open Source CFD Toolbox
   \\    /   O peration     | Website:  https://openfoam.org
    \\  /    A nd           | Version:  13
     \\/     M anipulation  |
\*---------------------------------------------------------------------------*/
FoamFile
{
    format      ascii;
    class       volVectorField;
    location    "0.0006";
    object      wallShearStress;
}
// * * * * * * * * * * * * * * * * * * * * * * * * * * * * * * * * * * * * * //

dimensions      [1 -1 -2 0 0 0 0];

internalField   uniform (0 0 0);

boundaryField
{
    inlet
    {
        type            calculated;
        value           uniform (0 0 0);
    }
    outlet
    {
        type            calculated;
        value           uniform (0 0 0);
    }
    bottom
    {
        type            calculated;
        value           nonuniform List<vector> 
196
(
(-211.384 0 -4.6787)
(-222.358 0 0.678205)
(-207.187 0 5.25427)
(-171.884 0 3.87454)
(-142.624 0 0.224694)
(-119.988 0 -2.38494)
(-107.502 -1.27934e-21 -2.53322)
(-101.938 -1.15192e-21 -2.93309)
(-98.2394 9.45299e-22 -2.9755)
(-94.2193 9.50791e-22 -2.73564)
(-94.4057 -1.00945e-22 -2.59014)
(-95.3193 -5.18725e-22 -2.46265)
(-95.7801 -4.4107e-23 -2.29647)
(-97.3575 5.03178e-22 -2.19082)
(-99.6305 -2.55867e-23 -2.10858)
(-99.9221 -1.66789e-22 -1.97672)
(-100.949 -1.13379e-22 -1.85304)
(-100.451 -4.85495e-22 -1.71477)
(-100.907 -1.35499e-22 -1.59496)
(-101.304 -3.8526e-23 -1.48505)
(-101.616 3.02195e-22 -1.38604)
(-101.87 -3.51482e-22 -1.30046)
(-102.401 3.61987e-23 -1.23661)
(-101.529 5.88263e-22 -1.14694)
(-102.237 -3.73489e-22 -1.08142)
(-101.469 -6.74276e-22 -1.01127)
(-100.815 -7.95785e-22 -0.949266)
(-100.627 1.35593e-22 -0.898378)
(-100.41 -3.76124e-22 -0.857817)
(-100.243 3.75737e-22 -0.823928)
(-100.072 8.95336e-22 -0.797381)
(-99.9426 -7.94846e-22 -0.774275)
(-99.7628 8.77255e-23 -0.759882)
(-99.6445 -2.93601e-22 -0.75679)
(-99.5449 3.92218e-22 -0.748884)
(-99.4121 -2.70557e-23 -0.750284)
(-99.3682 -3.74572e-22 -0.755058)
(-99.5072 4.53392e-22 -0.736814)
(-99.7213 -6.63813e-22 -0.727404)
(-99.9116 -7.24561e-23 -0.716954)
(-100.078 4.3849e-22 -0.710085)
(-100.237 -6.02029e-24 -0.700985)
(-100.395 -4.69703e-22 -0.695593)
(-100.596 7.57957e-22 -0.685847)
(-100.781 -3.43132e-22 -0.675529)
(-100.937 -1.49566e-22 -0.672826)
(-101.164 5.46322e-23 -0.66471)
(-101.337 1.78299e-22 -0.648676)
(-101.601 2.20281e-22 -0.65067)
(-101.903 5.14865e-23 -0.621545)
(-101.395 -4.3309e-22 -0.569412)
(-99.8283 4.66287e-22 -0.437541)
(-95.8958 -5.21416e-23 -0.292243)
(-89.4305 -2.4972e-22 -0.263205)
(-83.9428 4.67861e-22 -0.331293)
(-80.7089 3.08374e-22 -0.385532)
(-78.7824 -4.08045e-22 -0.386045)
(-77.6629 3.59714e-22 -0.370494)
(-76.9693 1.11631e-22 -0.35775)
(-76.5014 3.55714e-22 -0.348754)
(-76.1615 1.96854e-22 -0.341847)
(-75.8957 -3.73446e-22 -0.336678)
(-75.6749 3.14626e-22 -0.331962)
(-75.4877 -1.05947e-22 -0.327484)
(-75.3274 -1.17717e-22 -0.323238)
(-75.1904 1.17309e-22 -0.319177)
(-75.0742 -6.53008e-23 -0.315242)
(-74.9761 5.66383e-23 -0.311502)
(-74.8953 -2.83989e-22 -0.307949)
(-74.8214 -1.10848e-22 -0.304741)
(-74.759 -3.72182e-22 -0.301553)
(-74.7028 2.03303e-24 -0.298441)
(-74.6609 2.40213e-22 -0.295449)
(-74.6232 -7.90447e-23 -0.292278)
(-74.5895 -1.61833e-22 -0.290176)
(-74.529 -8.1635e-24 -0.288091)
(-74.4501 2.65363e-22 -0.285495)
(-74.371 -2.84069e-22 -0.281974)
(-74.2916 -5.29247e-23 -0.278612)
(-74.2144 -1.00151e-22 -0.275078)
(-74.1337 -6.9229e-23 -0.271699)
(-74.058 -5.04803e-23 -0.268123)
(-73.978 4.36285e-23 -0.264986)
(-73.9049 -9.60688e-23 -0.261502)
(-73.8329 3.0452e-23 -0.25845)
(-73.7664 1.64079e-22 -0.255265)
(-73.7025 -1.29258e-22 -0.252334)
(-73.6399 1.18891e-22 -0.249518)
(-73.5775 -8.29437e-23 -0.246837)
(-73.5162 -4.32839e-23 -0.244219)
(-73.4581 1.32429e-22 -0.241619)
(-73.4001 -8.75799e-24 -0.23905)
(-73.3494 -2.15897e-23 -0.23624)
(-73.2991 -1.41881e-22 -0.233527)
(-73.2563 1.83248e-22 -0.23066)
(-73.211 1.33614e-24 -0.228005)
(-73.1701 -1.13774e-23 -0.225299)
(-73.1231 4.99379e-23 -0.222847)
(-73.0814 -2.57635e-24 -0.220251)
(-73.0351 -8.40964e-23 -0.217845)
(-72.9968 -3.36825e-23 -0.215206)
(-72.955 -8.4382e-23 -0.212754)
(-72.9205 5.45645e-23 -0.210065)
(-72.8784 1.25533e-22 -0.207774)
(-72.8446 -2.63198e-23 -0.205239)
(-72.8077 -9.28371e-23 -0.203053)
(-72.7794 -1.41244e-22 -0.200832)
(-72.7474 1.94324e-23 -0.198732)
(-72.7252 -1.58995e-22 -0.196526)
(-72.6942 1.92738e-23 -0.194443)
(-72.6702 -6.15909e-23 -0.192484)
(-72.6394 2.83773e-23 -0.190297)
(-72.6191 -1.42223e-23 -0.188625)
(-72.5852 2.08149e-23 -0.186206)
(-72.551 4.22298e-23 -0.186888)
(-72.4787 -1.92866e-22 -0.172799)
(-72.6257 0 -0.172081)
(-72.6191 0 -0.170882)
(-72.5998 0 -0.171277)
(-72.5788 0 -0.171029)
(-72.5332 0 -0.172864)
(-72.5008 0 -0.169459)
(-72.5139 0 -0.174406)
(-72.1631 0 -0.22635)
(-68.9065 0 -0.520851)
(-47.336 0 -1.24589)
(-7.8844 0 -0.131078)
(24.5026 0 -1.10089)
(37.1422 0 0.337955)
(26.1342 0 1.60311)
(-0.434103 0 2.15235)
(-21.1808 0 1.29674)
(-59.353 0 2.25998)
(-97.7642 0 1.02961)
(-137.492 0 1.81036)
(-169.012 0 1.86311)
(-202.24 0 1.86423)
(-231.414 0 1.33764)
(-253.112 0 0.735938)
(-273.092 0 0.425035)
(-291.995 0 0.16456)
(-306.933 0 -0.133898)
(-317.33 0 -0.465944)
(-325.373 0 -0.664166)
(-332.28 0 -0.781403)
(-337.422 0 -0.895674)
(-340.792 0 -1.02844)
(-342.328 0 -1.17205)
(-343.248 0 -1.24959)
(-343.654 0 -1.27679)
(-343.551 0 -1.25757)
(-342.044 0 -1.27585)
(-339.954 0 -1.27863)
(-336.572 0 -1.33007)
(-334.281 0 -1.31485)
(-333.364 0 -1.28296)
(-333.148 0 -1.23159)
(-332.95 0 -1.16671)
(-332.271 0 -1.14459)
(-331.296 0 -1.15705)
(-330.619 0 -1.16964)
(-330.044 0 -1.18997)
(-329.161 0 -1.2114)
(-328.127 0 -1.21751)
(-326.985 0 -1.21848)
(-325.734 0 -1.21803)
(-324.463 0 -1.21704)
(-323.22 0 -1.21235)
(-321.664 0 -1.21144)
(-320.942 0 -1.17727)
(-320.925 0 -1.16716)
(-321.128 0 -1.15927)
(-321.281 0 -1.15814)
(-321.3 0 -1.15663)
(-321.119 0 -1.16681)
(-320.416 0 -1.18539)
(-319.505 0 -1.1817)
(-318.793 0 -1.15999)
(-318.258 0 -1.13789)
(-317.912 0 -1.11573)
(-317.488 0 -1.09511)
(-316.633 0 -1.08518)
(-314.96 0 -1.08717)
(-312.152 0 -1.10174)
(-308.664 0 -1.12176)
(-305.449 0 -1.13898)
(-302.85 0 -1.15052)
(-300.582 0 -1.1588)
(-297.91 0 -1.17397)
(-294.004 0 -1.19669)
(-288.133 0 -1.21277)
(-280.474 0 -1.196)
(-271.606 0 -1.15525)
(-262.482 0 -1.10711)
(-253.832 0 -1.06895)
(-239.53 0 -1.03366)
)
;
    }
    top
    {
        type            calculated;
        value           nonuniform List<vector> 
190
(
(-369.211 -3.14858e-19 56.8881)
(-417.28 8.5519e-19 63.482)
(-388.864 2.00014e-19 59.926)
(-332.956 1.08742e-18 54.582)
(-273.698 2.96213e-20 46.734)
(-225.75 -3.58156e-19 43.0336)
(-194.195 6.12485e-19 38.7304)
(-176.512 -3.43114e-19 33.8715)
(-167.622 -1.15317e-18 31.7231)
(-162.294 4.45742e-19 31.0435)
(-158.96 5.33245e-19 30.63)
(-157.058 -4.18094e-19 30.1979)
(-156.117 2.79678e-19 30.1144)
(-156.637 2.2089e-19 30.4737)
(-159.22 -7.52045e-19 31.0117)
(-161.892 -2.62317e-19 31.3458)
(-164.075 -8.24866e-19 31.6044)
(-165.565 8.19835e-19 31.7979)
(-166.271 8.3397e-19 31.8854)
(-166.398 -1.4735e-19 31.8497)
(-166.301 1.20039e-19 31.7482)
(-166.203 4.80491e-19 31.6572)
(-166.068 -1.55191e-19 31.5631)
(-166 -6.89192e-19 31.4953)
(-165.862 -3.54811e-19 31.4009)
(-165.66 -4.90296e-20 31.2969)
(-165.553 4.38603e-19 31.2107)
(-165.596 -5.11147e-19 31.1602)
(-165.729 7.0668e-19 31.128)
(-165.761 -1.2185e-19 31.0804)
(-165.579 -4.27491e-19 30.986)
(-165.197 -1.67675e-19 30.8575)
(-164.693 -3.61299e-19 30.7081)
(-164.15 4.03584e-20 30.5509)
(-163.66 -1.76099e-21 30.4079)
(-163.211 -1.71154e-19 30.2804)
(-162.703 1.44964e-19 30.1474)
(-162.137 -5.07615e-19 30.0061)
(-161.564 -3.63969e-20 29.8619)
(-161.092 3.37549e-19 29.7358)
(-160.755 -1.1865e-19 29.6378)
(-160.476 -2.5707e-19 29.5515)
(-160.178 2.35564e-19 29.4633)
(-159.827 -1.44519e-19 29.3673)
(-159.429 -4.07675e-19 29.2638)
(-159.016 3.62439e-19 29.1584)
(-158.643 5.59765e-19 29.0618)
(-158.325 -5.06174e-19 28.9777)
(-158.058 -1.08715e-19 28.9057)
(-157.801 2.20618e-19 28.8371)
(-157.498 -3.74022e-19 28.7622)
(-157.118 -1.43097e-19 28.6759)
(-156.681 -2.74508e-19 28.5789)
(-156.258 1.12901e-19 28.4799)
(-155.919 -6.23093e-21 28.3942)
(-155.676 2.47069e-20 28.3234)
(-155.49 -2.05698e-19 28.2634)
(-155.3 2.46025e-19 28.2052)
(-155.055 4.37208e-19 28.1406)
(-154.737 2.62524e-19 28.0702)
(-154.35 -3.55432e-19 27.9926)
(-153.927 -4.9551e-19 27.9102)
(-153.522 -2.73073e-19 27.8307)
(-153.167 1.59741e-19 27.759)
(-152.876 -5.09148e-20 27.6977)
(-152.648 1.45933e-20 27.6475)
(-152.461 2.36382e-19 27.6054)
(-152.282 3.03183e-20 27.5647)
(-152.102 3.64381e-19 27.5257)
(-151.905 4.83119e-20 27.4839)
(-151.696 -1.53354e-19 27.4409)
(-151.474 1.53416e-19 27.3975)
(-151.221 2.16011e-19 27.3467)
(-150.986 1.82273e-19 27.3047)
(-150.66 3.81486e-20 27.2375)
(-150.488 5.17436e-20 27.215)
(-152.322 1.38952e-20 27.5693)
(-150.584 3.42891e-20 27.2467)
(-156.094 3.21703e-19 28.243)
(-150.805 -1.4514e-19 27.2823)
(-151.851 1.98059e-19 27.4737)
(-151.365 -4.48097e-20 27.3734)
(-157.023 -1.65188e-19 28.3959)
(-153.979 8.92115e-20 27.8393)
(-157.877 3.12781e-19 28.5433)
(-154.528 -3.33951e-19 27.9388)
(-154.062 -3.26235e-19 27.8511)
(-154.235 1.60803e-19 27.883)
(-155.774 8.14249e-20 28.1607)
(-158.94 2.11051e-19 28.7269)
(-159.12 8.55244e-20 28.759)
(-159.992 -3.02321e-19 28.9158)
(-158.625 -1.55293e-19 28.6679)
(-156.549 1.42109e-19 28.288)
(-159.248 4.61413e-20 28.7705)
(-162.301 -3.75204e-20 29.3286)
(-161.191 -2.12327e-19 29.1301)
(-161.472 5.53256e-20 29.1792)
(-164.236 -5.43903e-19 29.6792)
(-164.162 -4.24185e-19 29.6585)
(-162.616 -6.76631e-20 29.3833)
(-160.199 -1.72281e-19 28.9499)
(-160.648 4.00851e-21 29.032)
(-164.472 5.9543e-21 29.7151)
(-164.243 1.42041e-19 29.6774)
(-165.292 -2.03537e-19 29.8545)
(-167.924 2.04377e-19 30.3396)
(-167.982 -1.06797e-20 30.351)
(-166.441 -1.79066e-19 29.6701)
(-194.542 2.29952e-19 37.5441)
(-191.678 0 7.63057)
(-173.836 0 3.64023)
(-158.255 0 2.57984)
(-146.318 0 1.88579)
(-142.147 0 1.35842)
(-139.847 0 1.17638)
(-136.317 0 1.12562)
(-133.106 0 0.606706)
(-126.602 0 0.199076)
(-114.516 0 0.243493)
(-103.823 0 0.508053)
(-97.6458 0 0.547155)
(-93.6719 0 0.494582)
(-90.2397 0 0.456402)
(-88.0713 0 0.420118)
(-86.7103 0 0.377636)
(-85.3135 0 0.354104)
(-84.0485 0 0.321039)
(-83.054 0 0.289303)
(-82.0303 0 0.271714)
(-81.2934 0 0.258283)
(-81.0431 0 0.243322)
(-80.851 0 0.236512)
(-80.4853 0 0.231713)
(-80.1348 0 0.219808)
(-79.8447 0 0.204415)
(-79.4772 0 0.1936)
(-79.1419 0 0.18286)
(-78.9745 0 0.174484)
(-78.8468 0 0.171346)
(-78.655 0 0.174853)
(-78.4244 0 0.183722)
(-78.2811 0 0.192321)
(-78.3003 0 0.185519)
(-78.4159 0 0.166613)
(-78.5411 0 0.137334)
(-78.478 0 0.100844)
(-77.9751 0 0.0806222)
(-77.2238 0 0.107626)
(-76.918 0 0.150771)
(-77.0649 0 0.165605)
(-77.3652 0 0.161132)
(-77.6827 0 0.148408)
(-77.8467 0 0.122587)
(-77.7426 0 0.0925211)
(-77.2445 0 0.0781488)
(-76.6266 0 0.0962439)
(-76.3423 0 0.119047)
(-76.3098 0 0.127621)
(-76.3424 0 0.121882)
(-76.283 0 0.10994)
(-76.0044 0 0.0973844)
(-75.5879 0 0.0978038)
(-75.2819 0 0.105542)
(-75.1138 0 0.107312)
(-74.9918 0 0.102176)
(-74.8282 0 0.0923267)
(-74.5771 0 0.0824603)
(-74.2788 0 0.0788627)
(-74.0479 0 0.0797994)
(-73.9078 0 0.0790175)
(-73.8055 0 0.0756291)
(-73.6918 0 0.0716438)
(-73.5602 0 0.0688576)
(-73.4316 0 0.0672381)
(-73.3143 0 0.065484)
(-73.1867 0 0.0639621)
(-73.0246 0 0.063944)
(-72.8258 0 0.0653303)
(-72.6139 0 0.0670669)
(-72.4217 0 0.0681442)
(-72.2652 0 0.0678451)
(-72.129 0 0.0660854)
(-71.993 0 0.0646093)
(-71.8504 0 0.064669)
(-71.7222 0 0.0647744)
(-71.5827 0 0.0649679)
(-71.4018 0 0.0655573)
(-71.2389 0 0.0654551)
(-70.9405 0 0.0671462)
)
;
    }
    upstream
    {
        type            symmetryPlane;
    }
    defaultFaces
    {
        type            empty;
    }
}


// ************************************************************************* //
