/*--------------------------------*- C++ -*----------------------------------*\
  =========                 |
  \\      /  F ield         | OpenFOAM: The Open Source CFD Toolbox
   \\    /   O peration     | Website:  https://openfoam.org
    \\  /    A nd           | Version:  13
     \\/     M anipulation  |
\*---------------------------------------------------------------------------*/
FoamFile
{
    format      ascii;
    class       volScalarField;
    location    "0";
    object      Cf;
}
// * * * * * * * * * * * * * * * * * * * * * * * * * * * * * * * * * * * * * //

dimensions      [];

internalField   uniform 0;

boundaryField
{
    inlet
    {
        type            calculated;
        value           uniform 0;
    }
    outlet
    {
        type            calculated;
        value           uniform 0;
    }
    bottom
    {
        type            calculated;
        value           nonuniform List<scalar> 
196
(
0.00307267
0.00307267
0.00307267
0.00307267
0.00307267
0.00307267
0.00308302
0.00310387
0.00312478
0.00314577
0.00316684
0.00318797
0.00320918
0.00323046
0.00325181
0.00327322
0.00329471
0.00331627
0.00333789
0.00335958
0.00338133
0.00340315
0.00342504
0.00344699
0.003469
0.00349107
0.0035132
0.0035354
0.00355765
0.00357996
0.00360233
0.00362476
0.00364724
0.00366978
0.00369237
0.00371502
0.00373772
0.00376047
0.00378327
0.00380611
0.00382901
0.00385196
0.00387495
0.00389799
0.00392107
0.00394419
0.00396736
0.00399057
0.00401382
0.00403711
0.00406044
0.0040838
0.00410721
0.00413064
0.00415412
0.00417762
0.00420116
0.00422472
0.00424832
0.00427195
0.0042956
0.00431928
0.00434299
0.00436672
0.00439047
0.00441425
0.00443804
0.00446186
0.0044857
0.00450955
0.00453342
0.0045573
0.0045812
0.00460511
0.00462903
0.00465296
0.00467691
0.00470086
0.00472482
0.00474878
0.00477275
0.00479672
0.00482069
0.00484467
0.00486864
0.00489262
0.00491659
0.00494056
0.00496452
0.00498848
0.00501243
0.00503637
0.00506031
0.00508423
0.00510814
0.00513204
0.00515592
0.00517979
0.00520364
0.00522748
0.00525129
0.00527509
0.00529887
0.00532262
0.00534635
0.00537006
0.00539374
0.00541739
0.00544102
0.00546462
0.00548819
0.00551172
0.00553523
0.0055587
0.00558214
0.00560554
0.00561726
0.00561726
0.00561726
0.00561726
0.00561726
0.00561726
0.00561726
0.00561726
0.00561726
0.00561726
0.00561726
0.00561726
0.00561726
0.00561726
0.00561726
0.00561726
0.00561726
0.00561726
0.00561726
0.00561726
0.00561726
0.00561726
0.00561726
0.00561726
0.00561726
0.00561726
0.00561726
0.00561726
0.00561726
0.00561726
0.00561726
0.00561726
0.00561726
0.00561726
0.00561726
0.00561726
0.00561726
0.00561726
0.00561726
0.00561726
0.00561726
0.00561726
0.00561726
0.00561726
0.00561726
0.00561726
0.00561726
0.00561726
0.00561726
0.00561726
0.00561726
0.00561726
0.00561726
0.00561726
0.00561726
0.00561726
0.00561726
0.00561726
0.00561726
0.00561726
0.00561726
0.00561726
0.00561726
0.00561726
0.00561726
0.00561726
0.00561726
0.00561726
0.00561726
0.00561726
0.00561726
0.00561726
0.00561726
0.00561726
0.00561726
0.00561726
0.00561726
0.00561726
0.00561726
0.00561726
)
;
    }
    top
    {
        type            calculated;
        value           nonuniform List<scalar> 
190
(
0.00316205
0.00318343
0.00320488
0.00322641
0.00324801
0.00326969
0.00329144
0.00331326
0.00333516
0.00335713
0.00337916
0.00340127
0.00342344
0.00344569
0.003468
0.00349038
0.00351283
0.00353534
0.00355792
0.00358055
0.00360326
0.00362602
0.00364884
0.00367173
0.00369467
0.00371767
0.00374073
0.00376385
0.00378702
0.00381024
0.00383352
0.00385686
0.00388024
0.00390367
0.00392716
0.00395069
0.00397427
0.0039979
0.00402157
0.00404529
0.00406905
0.00409286
0.0041167
0.00414059
0.00416452
0.00418848
0.00421248
0.00423652
0.0042606
0.0042847
0.00430884
0.00433301
0.00435722
0.00438145
0.00440571
0.00443
0.00445431
0.00447865
0.00450301
0.00452739
0.0045518
0.00457623
0.00460067
0.00462514
0.00464962
0.00467411
0.00469862
0.00472315
0.00474768
0.00477223
0.00479679
0.00482135
0.00484592
0.0048705
0.00489508
0.00491967
0.00494426
0.00496885
0.00499344
0.00501803
0.00504261
0.0050672
0.00509177
0.00511635
0.00514091
0.00516547
0.00519001
0.00521455
0.00523907
0.00526358
0.00528808
0.00531256
0.00533702
0.00536147
0.0053859
0.0054103
0.00543469
0.00545905
0.00548339
0.0055077
0.00553199
0.00555625
0.00558049
0.00560469
0.00562886
0.005653
0.00567711
0.00570118
0.00572522
0.00574922
0.00561726
0.00561726
0.00561726
0.00561726
0.00561726
0.00561726
0.00561726
0.00561726
0.00561726
0.00561726
0.00561726
0.00561726
0.00561726
0.00561726
0.00561726
0.00561726
0.00561726
0.00561726
0.00561726
0.00561726
0.00561726
0.00561726
0.00561726
0.00561726
0.00561726
0.00561726
0.00561726
0.00561726
0.00561726
0.00561726
0.00561726
0.00561726
0.00561726
0.00561726
0.00561726
0.00561726
0.00561726
0.00561726
0.00561726
0.00561726
0.00561726
0.00561726
0.00561726
0.00561726
0.00561726
0.00561726
0.00561726
0.00561726
0.00561726
0.00561726
0.00561726
0.00561726
0.00561726
0.00561726
0.00561726
0.00561726
0.00561726
0.00561726
0.00561726
0.00561726
0.00561726
0.00561726
0.00561726
0.00561726
0.00561726
0.00561726
0.00561726
0.00561726
0.00561726
0.00561726
0.00561726
0.00561726
0.00561726
0.00561726
0.00561726
0.00561726
0.00561726
0.00561726
0.00561726
0.00561726
)
;
    }
    upstream
    {
        type            symmetryPlane;
    }
    defaultFaces
    {
        type            empty;
    }
}


// ************************************************************************* //
