/*--------------------------------*- C++ -*----------------------------------*\
  =========                 |
  \\      /  F ield         | OpenFOAM: The Open Source CFD Toolbox
   \\    /   O peration     | Website:  https://openfoam.org
    \\  /    A nd           | Version:  13
     \\/     M anipulation  |
\*---------------------------------------------------------------------------*/
FoamFile
{
    format      ascii;
    class       volVectorField;
    location    "0";
    object      wallShearStress;
}
// * * * * * * * * * * * * * * * * * * * * * * * * * * * * * * * * * * * * * //

dimensions      [1 -1 -2 0 0 0 0];

internalField   uniform (0 0 0);

boundaryField
{
    inlet
    {
        type            calculated;
        value           uniform (0 0 0);
    }
    outlet
    {
        type            calculated;
        value           uniform (0 0 0);
    }
    bottom
    {
        type            calculated;
        value           nonuniform List<vector> 
196
(
(-215.561 0 -1.76733e-16)
(-215.561 0 1.76733e-16)
(-215.561 0 1.76733e-16)
(-215.561 0 1.76733e-16)
(-215.561 0 1.76733e-16)
(-215.561 0 1.76733e-16)
(-216.288 0 1.69201e-16)
(-217.75 0 -2.12381e-16)
(-219.217 0 -2.04847e-16)
(-220.69 0 -4.52447e-17)
(-222.168 0 2.52964e-16)
(-223.65 0 -2.15146e-16)
(-225.138 0 -3.19984e-16)
(-226.631 0 1.72199e-16)
(-228.129 0 -1.8012e-16)
(-229.631 0 -1.12185e-17)
(-231.139 0 -2.03972e-16)
(-232.651 0 1.86678e-16)
(-234.168 0 2.03003e-16)
(-235.689 0 2.85908e-16)
(-237.216 0 -2.21313e-16)
(-238.746 0 -2.83297e-16)
(-240.282 0 -5.39357e-17)
(-241.821 0 3.66528e-16)
(-243.366 0 -5.10215e-16)
(-244.914 0 -1.05909e-17)
(-246.467 0 9.43812e-17)
(-248.024 0 -2.51548e-16)
(-249.585 0 4.52105e-16)
(-251.15 0 1.1498e-16)
(-252.72 0 2.34619e-16)
(-254.293 0 5.91564e-16)
(-255.87 0 1.8521e-16)
(-257.452 0 -2.78455e-17)
(-259.036 0 -1.76468e-16)
(-260.625 0 -2.358e-16)
(-262.217 0 2.75729e-16)
(-263.813 0 -2.35857e-17)
(-265.413 0 -1.3798e-16)
(-267.016 0 -1.0028e-16)
(-268.622 0 1.08914e-16)
(-270.232 0 1.32701e-16)
(-271.845 0 9.20519e-17)
(-273.461 0 3.40161e-18)
(-275.08 0 -1.66783e-16)
(-276.703 0 -2.68174e-16)
(-278.328 0 -1.60184e-16)
(-279.956 0 2.10463e-16)
(-281.587 0 -5.61405e-17)
(-283.221 0 5.44276e-16)
(-284.858 0 -3.52073e-16)
(-286.497 0 7.26393e-17)
(-288.139 0 4.4552e-17)
(-289.783 0 -1.01007e-16)
(-291.43 0 3.64184e-16)
(-293.079 0 -7.04756e-16)
(-294.73 0 1.16719e-16)
(-296.383 0 7.38422e-16)
(-298.039 0 -4.5192e-16)
(-299.696 0 -2.64396e-16)
(-301.356 0 5.68124e-17)
(-303.017 0 -3.90153e-17)
(-304.68 0 2.40164e-16)
(-306.345 0 1.84546e-16)
(-308.011 0 -6.09365e-16)
(-309.679 0 8.40114e-16)
(-311.349 0 -3.26982e-17)
(-313.019 0 -1.13457e-16)
(-314.692 0 -1.59284e-16)
(-316.365 0 6.70547e-16)
(-318.039 0 4.87499e-17)
(-319.715 0 8.24772e-17)
(-321.391 0 2.28225e-16)
(-323.069 0 -6.00468e-16)
(-324.747 0 3.42264e-16)
(-326.426 0 -4.53879e-16)
(-328.106 0 -1.29259e-16)
(-329.786 0 1.49243e-16)
(-331.467 0 -2.0649e-16)
(-333.148 0 2.71962e-16)
(-334.829 0 3.04676e-16)
(-336.511 0 2.50592e-16)
(-338.193 0 -3.6934e-16)
(-339.875 0 3.00157e-17)
(-341.557 0 2.76185e-16)
(-343.239 0 -1.3829e-16)
(-344.921 0 4.76326e-16)
(-346.602 0 -4.21474e-16)
(-348.283 0 8.39008e-17)
(-349.964 0 2.95623e-16)
(-351.644 0 2.07061e-16)
(-353.324 0 4.1769e-16)
(-355.003 0 -2.92129e-16)
(-356.681 0 1.17529e-16)
(-358.359 0 -2.72267e-16)
(-360.035 0 -6.41162e-16)
(-361.711 0 9.21498e-17)
(-363.385 0 4.66959e-16)
(-365.059 0 1.5836e-16)
(-366.731 0 -1.35019e-16)
(-368.402 0 -6.44073e-16)
(-370.071 0 9.51358e-16)
(-371.739 0 -3.19586e-16)
(-373.406 0 3.04636e-16)
(-375.07 0 -3.29016e-18)
(-376.734 0 4.68532e-16)
(-378.395 0 -1.72821e-16)
(-380.054 0 3.3109e-16)
(-381.712 0 -3.38415e-16)
(-383.367 0 -1.29794e-16)
(-385.021 0 3.60763e-16)
(-386.672 0 3.79306e-16)
(-388.321 0 1.13531e-15)
(-389.968 0 -9.01062e-16)
(-391.612 0 -9.98241e-16)
(-393.254 0 -1.96487e-16)
(-394.076 0 -1.96544e-16)
(-394.076 0 -1.94604e-16)
(-394.076 0 -1.92682e-16)
(-394.076 0 -1.9078e-16)
(-394.076 0 -1.88896e-16)
(-394.076 0 -1.87031e-16)
(-394.076 0 -1.85184e-16)
(-394.076 0 -1.83356e-16)
(-394.076 0 -1.81545e-16)
(-394.076 0 -1.79753e-16)
(-394.076 0 -1.77978e-16)
(-394.076 0 -1.76221e-16)
(-394.076 0 -1.74481e-16)
(-394.076 0 -1.72758e-16)
(-394.076 0 -1.71052e-16)
(-394.076 0 -1.69363e-16)
(-394.076 0 -1.67691e-16)
(-394.076 0 -1.66035e-16)
(-394.076 0 -1.64396e-16)
(-394.076 0 -1.62773e-16)
(-394.076 0 -1.61165e-16)
(-394.076 0 -1.59574e-16)
(-394.076 0 -1.57999e-16)
(-394.076 0 -1.56439e-16)
(-394.076 0 -1.54894e-16)
(-394.076 0 -1.53365e-16)
(-394.076 0 -1.5185e-16)
(-394.076 0 -1.50351e-16)
(-394.076 0 -1.48866e-16)
(-394.076 0 -1.47397e-16)
(-394.076 0 -1.45941e-16)
(-394.076 0 -1.445e-16)
(-394.076 0 -1.43073e-16)
(-394.076 0 -1.41661e-16)
(-394.076 0 -1.40262e-16)
(-394.076 0 -1.38877e-16)
(-394.076 0 -1.37506e-16)
(-394.076 0 -1.36148e-16)
(-394.076 0 -1.34804e-16)
(-394.076 0 -1.33473e-16)
(-394.076 0 -1.32155e-16)
(-394.076 0 -1.3085e-16)
(-394.076 0 -1.29558e-16)
(-394.076 0 -1.28279e-16)
(-394.076 0 -1.27012e-16)
(-394.076 0 -1.25758e-16)
(-394.076 0 -1.24517e-16)
(-394.076 0 -1.23287e-16)
(-394.076 0 -1.2207e-16)
(-394.076 0 -1.20865e-16)
(-394.076 0 -1.19671e-16)
(-394.076 0 -1.1849e-16)
(-394.076 0 -1.1732e-16)
(-394.076 0 -1.16161e-16)
(-394.076 0 -1.15014e-16)
(-394.076 0 -1.13879e-16)
(-394.076 0 -1.12754e-16)
(-394.076 0 -1.11641e-16)
(-394.076 0 -1.10539e-16)
(-394.076 0 -1.09447e-16)
(-394.076 0 -1.08367e-16)
(-394.076 0 -1.07297e-16)
(-394.076 0 -1.06237e-16)
(-394.076 0 -1.05188e-16)
(-394.076 0 -1.0415e-16)
(-394.076 0 -1.03121e-16)
(-394.076 0 -1.02103e-16)
(-394.076 0 -1.01095e-16)
(-394.076 0 -1.00097e-16)
(-394.076 0 -9.91084e-17)
(-394.076 0 -9.81298e-17)
(-394.076 0 -9.71609e-17)
(-394.076 0 -9.62016e-17)
(-394.076 0 -9.52517e-17)
(-394.076 0 -9.43112e-17)
(-394.076 0 -9.338e-17)
(-394.076 0 -9.2458e-17)
(-394.076 0 -9.15451e-17)
(-394.076 0 -9.06412e-17)
(-394.076 0 -8.97463e-17)
)
;
    }
    top
    {
        type            calculated;
        value           nonuniform List<vector> 
190
(
(-221.832 9.76826e-18 -12.5194)
(-223.332 1.34626e-17 -12.604)
(-224.837 -3.61609e-17 -12.6889)
(-226.347 -3.67405e-17 -12.7742)
(-227.862 2.1308e-17 -12.8597)
(-229.383 -1.19173e-18 -12.9455)
(-230.909 -2.9815e-17 -13.0316)
(-232.44 -1.61435e-17 -13.118)
(-233.976 1.7556e-17 -13.2047)
(-235.517 3.33965e-17 -13.2917)
(-237.063 1.14947e-17 -13.379)
(-238.614 1.6343e-17 -13.4665)
(-240.17 1.14652e-18 -13.5543)
(-241.73 -1.79583e-18 -13.6424)
(-243.296 -1.02733e-17 -13.7307)
(-244.866 -2.91087e-17 -13.8193)
(-246.441 2.40385e-17 -13.9082)
(-248.02 5.02199e-18 -13.9973)
(-249.604 4.73138e-18 -14.0867)
(-251.192 5.97955e-17 -14.1763)
(-252.784 4.24767e-17 -14.2662)
(-254.381 9.96907e-18 -14.3563)
(-255.983 3.30929e-17 -14.4467)
(-257.588 4.24261e-17 -14.5373)
(-259.198 3.22707e-18 -14.6281)
(-260.811 2.85457e-17 -14.7192)
(-262.429 2.47828e-17 -14.8105)
(-264.051 1.85728e-17 -14.902)
(-265.676 -3.48757e-18 -14.9938)
(-267.306 -3.55183e-17 -15.0857)
(-268.939 2.91175e-17 -15.1779)
(-270.576 1.61831e-17 -15.2703)
(-272.216 2.5435e-17 -15.3628)
(-273.86 -4.80517e-18 -15.4556)
(-275.508 -1.22955e-17 -15.5486)
(-277.159 2.41143e-17 -15.6418)
(-278.813 -5.14418e-18 -15.7351)
(-280.471 3.8436e-17 -15.8287)
(-282.131 2.52697e-18 -15.9224)
(-283.795 -3.77697e-17 -16.0163)
(-285.462 1.678e-17 -16.1104)
(-287.132 2.75319e-17 -16.2047)
(-288.805 -2.74034e-17 -16.2991)
(-290.481 8.50014e-18 -16.3936)
(-292.16 2.38673e-17 -16.4884)
(-293.841 -2.1934e-17 -16.5833)
(-295.525 -5.88358e-17 -16.6783)
(-297.211 3.5575e-17 -16.7735)
(-298.9 4.83295e-18 -16.8688)
(-300.591 -2.63888e-17 -16.9642)
(-302.284 3.62346e-17 -17.0598)
(-303.98 1.24936e-17 -17.1555)
(-305.678 2.28593e-17 -17.2513)
(-307.378 -1.19074e-17 -17.3473)
(-309.08 5.1788e-19 -17.4433)
(-310.784 -5.53218e-18 -17.5395)
(-312.49 2.16176e-17 -17.6357)
(-314.197 -2.24897e-17 -17.7321)
(-315.906 -4.48084e-17 -17.8286)
(-317.617 -2.93118e-17 -17.9251)
(-319.329 3.46886e-17 -18.0217)
(-321.043 5.00726e-17 -18.1184)
(-322.758 2.66618e-17 -18.2152)
(-324.474 -1.76736e-17 -18.3121)
(-326.191 5.66447e-18 -18.409)
(-327.91 -1.52627e-18 -18.506)
(-329.63 -2.46919e-17 -18.603)
(-331.35 -3.37272e-18 -18.7001)
(-333.071 -3.8301e-17 -18.7973)
(-334.793 -5.03173e-18 -18.8945)
(-336.516 1.70707e-17 -18.9917)
(-338.239 -1.60854e-17 -19.0889)
(-339.963 -2.40666e-17 -19.1862)
(-341.687 -1.90646e-17 -19.2835)
(-343.412 -4.89743e-18 -19.3809)
(-345.137 -5.32349e-18 -19.4782)
(-346.862 -1.93681e-18 -19.5756)
(-348.587 -3.3392e-18 -19.6729)
(-350.312 -3.2769e-17 -19.7703)
(-352.037 1.56917e-17 -19.8676)
(-353.762 -2.01907e-17 -19.965)
(-355.486 4.07632e-18 -20.0623)
(-357.211 1.67021e-17 -20.1596)
(-358.935 -1.17495e-17 -20.2569)
(-360.658 -3.28792e-17 -20.3542)
(-362.381 3.79228e-17 -20.4514)
(-364.103 3.70179e-17 -20.5486)
(-365.824 -1.77551e-17 -20.6457)
(-367.544 -7.41623e-18 -20.7428)
(-369.264 -2.25423e-17 -20.8399)
(-370.982 -1.04777e-17 -20.9368)
(-372.7 3.35562e-17 -21.0338)
(-374.416 1.75769e-17 -21.1306)
(-376.131 -1.67449e-17 -21.2274)
(-377.845 -5.71983e-18 -21.3241)
(-379.557 4.0012e-18 -21.4208)
(-381.268 2.38072e-17 -21.5173)
(-382.977 -4.72989e-18 -21.6138)
(-384.684 6.16945e-17 -21.7101)
(-386.39 4.88625e-17 -21.8064)
(-388.094 8.25558e-18 -21.9026)
(-389.796 2.05826e-17 -21.9986)
(-391.496 1.54368e-19 -22.0945)
(-393.194 -6.00125e-19 -22.1904)
(-394.89 -1.79161e-17 -22.2861)
(-396.583 2.50336e-17 -22.3817)
(-398.274 -2.4218e-17 -22.4771)
(-399.963 1.58636e-18 -22.5724)
(-401.65 7.7409e-18 -22.6676)
(-403.334 -9.30064e-18 -22.7626)
(-394.076 0 -2.57366e-16)
(-394.076 0 -2.54825e-16)
(-394.076 0 -2.52309e-16)
(-394.076 0 -2.49817e-16)
(-394.076 0 -2.47351e-16)
(-394.076 0 -2.44908e-16)
(-394.076 0 -2.4249e-16)
(-394.076 0 -2.40096e-16)
(-394.076 0 -2.37725e-16)
(-394.076 0 -2.35378e-16)
(-394.076 0 -2.33054e-16)
(-394.076 0 -2.30753e-16)
(-394.076 0 -2.28475e-16)
(-394.076 0 -2.26219e-16)
(-394.076 0 -2.23985e-16)
(-394.076 0 -2.21774e-16)
(-394.076 0 -2.19584e-16)
(-394.076 0 -2.17416e-16)
(-394.076 0 -2.15269e-16)
(-394.076 0 -2.13143e-16)
(-394.076 0 -2.11039e-16)
(-394.076 0 -2.08955e-16)
(-394.076 0 -2.06892e-16)
(-394.076 0 -2.04849e-16)
(-394.076 0 -2.02827e-16)
(-394.076 0 -2.00824e-16)
(-394.076 0 -1.98841e-16)
(-394.076 0 -1.96878e-16)
(-394.076 0 -1.94934e-16)
(-394.076 0 -1.93009e-16)
(-394.076 0 -1.91103e-16)
(-394.076 0 -1.89216e-16)
(-394.076 0 -1.87348e-16)
(-394.076 0 -1.85498e-16)
(-394.076 0 -1.83667e-16)
(-394.076 0 -1.81853e-16)
(-394.076 0 -1.80058e-16)
(-394.076 0 -1.7828e-16)
(-394.076 0 -1.7652e-16)
(-394.076 0 -1.74777e-16)
(-394.076 0 -1.73051e-16)
(-394.076 0 -1.71342e-16)
(-394.076 0 -1.69651e-16)
(-394.076 0 -1.67975e-16)
(-394.076 0 -1.66317e-16)
(-394.076 0 -1.64675e-16)
(-394.076 0 -1.63049e-16)
(-394.076 0 -1.61439e-16)
(-394.076 0 -1.59845e-16)
(-394.076 0 -1.58267e-16)
(-394.076 0 -1.56704e-16)
(-394.076 0 -1.55157e-16)
(-394.076 0 -1.53625e-16)
(-394.076 0 -1.52108e-16)
(-394.076 0 -1.50606e-16)
(-394.076 0 -1.49119e-16)
(-394.076 0 -1.47647e-16)
(-394.076 0 -1.46189e-16)
(-394.076 0 -1.44745e-16)
(-394.076 0 -1.43316e-16)
(-394.076 0 -1.41901e-16)
(-394.076 0 -1.405e-16)
(-394.076 0 -1.39113e-16)
(-394.076 0 -1.37739e-16)
(-394.076 0 -1.36379e-16)
(-394.076 0 -1.35033e-16)
(-394.076 0 -1.33699e-16)
(-394.076 0 -1.32379e-16)
(-394.076 0 -1.31072e-16)
(-394.076 0 -1.29778e-16)
(-394.076 0 -1.28497e-16)
(-394.076 0 -1.27228e-16)
(-394.076 0 -1.25972e-16)
(-394.076 0 -1.24728e-16)
(-394.076 0 -1.23496e-16)
(-394.076 0 -1.22277e-16)
(-394.076 0 -1.2107e-16)
(-394.076 0 -1.19874e-16)
(-394.076 0 -1.18691e-16)
(-394.076 0 -1.17519e-16)
)
;
    }
    upstream
    {
        type            symmetryPlane;
    }
    defaultFaces
    {
        type            empty;
    }
}


// ************************************************************************* //
