/*--------------------------------*- C++ -*----------------------------------*\
  =========                 |
  \\      /  F ield         | OpenFOAM: The Open Source CFD Toolbox
   \\    /   O peration     | Website:  https://openfoam.org
    \\  /    A nd           | Version:  13
     \\/     M anipulation  |
\*---------------------------------------------------------------------------*/
FoamFile
{
    format      ascii;
    class       volScalarField;
    location    "0.0014";
    object      Cf;
}
// * * * * * * * * * * * * * * * * * * * * * * * * * * * * * * * * * * * * * //

dimensions      [];

internalField   uniform 0;

boundaryField
{
    inlet
    {
        type            calculated;
        value           uniform 0;
    }
    outlet
    {
        type            calculated;
        value           uniform 0;
    }
    bottom
    {
        type            calculated;
        value           nonuniform List<scalar> 
196
(
0.00307938
0.00317103
0.00295277
0.00252009
0.00200295
0.00169912
0.00156506
0.0014423
0.00137613
0.00134419
0.00133567
0.00135291
0.00136542
0.00138823
0.00141223
0.00142571
0.00143928
0.00143175
0.00143848
0.00144414
0.00144861
0.00145192
0.00145025
0.0014557
0.00144372
0.00144038
0.0014372
0.00143436
0.00143118
0.00142874
0.00142641
0.00142417
0.00142188
0.00142026
0.0014187
0.0014169
0.00141608
0.00141831
0.00142101
0.00142409
0.00142651
0.00142925
0.00143136
0.00143445
0.00143668
0.00143913
0.00144117
0.00144481
0.0014485
0.00145196
0.00144529
0.00142335
0.00136708
0.00127532
0.00119729
0.00115108
0.0011234
0.00110739
0.00109747
0.00109081
0.00108585
0.00108201
0.00107879
0.00107616
0.00107384
0.00107193
0.00107026
0.00106892
0.00106771
0.00106674
0.00106584
0.00106513
0.00106447
0.00106394
0.00106338
0.00106249
0.00106121
0.00105999
0.00105867
0.00105751
0.00105626
0.00105522
0.00105411
0.00105319
0.00105216
0.00105129
0.00105029
0.00104945
0.00104849
0.00104772
0.00104685
0.00104614
0.00104533
0.00104466
0.00104389
0.00104322
0.00104247
0.00104181
0.00104109
0.00104047
0.00103985
0.0010393
0.00103875
0.00103821
0.00103769
0.00103714
0.00103665
0.0010361
0.00103565
0.0010351
0.00103476
0.00103421
0.00103398
0.00103338
0.00103316
0.00103064
0.00102401
0.000978567
0.000752249
0.000297983
3.03046e-05
-0.000160595
-0.000288689
-0.000364373
-0.000350608
-0.000475502
-0.000620869
-0.000616238
-0.000492323
-0.000273876
-1.76319e-05
0.000163568
0.000441562
0.000784941
0.00116537
0.00156016
0.0018989
0.00225904
0.0025527
0.00282808
0.00311461
0.00339515
0.00360378
0.00376176
0.00391426
0.00404566
0.00414453
0.00422606
0.00430248
0.00437462
0.00442519
0.00445989
0.00448781
0.00451278
0.00453522
0.0045527
0.00455978
0.00456275
0.0045656
0.00456359
0.00456354
0.00455486
0.00454408
0.00453363
0.00452433
0.00451505
0.00450475
0.00449201
0.00447837
0.00446713
0.00445717
0.0044484
0.00444283
0.00443259
0.00441783
0.00440468
0.00438914
0.00437555
0.00436696
0.00435784
0.00434764
0.00433241
0.00430731
0.00426662
0.00420894
0.00413918
0.00406536
0.00399345
0.00392545
0.00385925
0.00378969
0.00371124
0.00361674
0.00350635
0.00338282
0.00319435
)
;
    }
    top
    {
        type            calculated;
        value           nonuniform List<scalar> 
190
(
0.00529172
0.00582931
0.00547426
0.00481686
0.0040526
0.00336024
0.00289325
0.00259605
0.0024114
0.00230043
0.00224298
0.00221541
0.00221208
0.00222587
0.00226105
0.0022956
0.0023216
0.0023358
0.00234406
0.00235015
0.00235931
0.00237174
0.00238318
0.00238886
0.00238911
0.00238517
0.00237886
0.00237185
0.00236534
0.0023593
0.00235322
0.00234737
0.00234241
0.0023379
0.00233301
0.00232739
0.00232128
0.00231548
0.00231079
0.00230697
0.00230306
0.00229838
0.00229284
0.00228604
0.00227877
0.00227234
0.00226654
0.00226035
0.00225313
0.00224493
0.00223657
0.00222909
0.00222304
0.0022184
0.00221491
0.00221224
0.00221003
0.00220764
0.00220445
0.00220028
0.0021956
0.00219098
0.002187
0.00218379
0.00218137
0.00217939
0.00217731
0.00217454
0.00217092
0.0021665
0.00216151
0.0021563
0.00215127
0.00214682
0.00214347
0.00214048
0.00214115
0.0021503
0.00218034
0.00218803
0.00216346
0.00218031
0.0021911
0.00224831
0.00218256
0.00223348
0.00222953
0.0022115
0.00221594
0.00228705
0.00221537
0.00228922
0.0022636
0.00230851
0.00228869
0.00225895
0.00224905
0.00225459
0.00228875
0.00233122
0.00228197
0.00227779
0.00228354
0.00231426
0.00229566
0.00236849
0.00235435
0.0023803
0.00236026
0.00283998
0.00269917
0.00245612
0.00224939
0.0020795
0.00202339
0.00198736
0.00194029
0.00189961
0.00181164
0.00163777
0.00148663
0.00139494
0.00133172
0.0012851
0.00125397
0.00123052
0.00120914
0.00118931
0.00117332
0.00115986
0.00114718
0.00113793
0.00113358
0.00112966
0.00112303
0.00111569
0.00111034
0.00110657
0.0011047
0.00110562
0.00110732
0.00110798
0.00110574
0.00109918
0.00109085
0.00108791
0.00108942
0.00109384
0.00109884
0.00110102
0.00109859
0.00108924
0.00107829
0.00107655
0.00107891
0.00108315
0.0010861
0.00108629
0.00108353
0.00107949
0.00107835
0.00107894
0.00107966
0.0010793
0.00107683
0.00107275
0.00106941
0.00106795
0.00106741
0.00106684
0.00106569
0.00106423
0.00106321
0.0010627
0.00106216
0.00106114
0.00105959
0.00105805
0.00105704
0.0010564
0.00105579
0.00105486
0.00105349
0.00105182
0.00105008
0.00104849
0.0010471
0.001046
0.00104528
0.00104352
)
;
    }
    upstream
    {
        type            symmetryPlane;
    }
    defaultFaces
    {
        type            empty;
    }
}


// ************************************************************************* //
