/*--------------------------------*- C++ -*----------------------------------*\
  =========                 |
  \\      /  F ield         | OpenFOAM: The Open Source CFD Toolbox
   \\    /   O peration     | Website:  https://openfoam.org
    \\  /    A nd           | Version:  13
     \\/     M anipulation  |
\*---------------------------------------------------------------------------*/
FoamFile
{
    format      ascii;
    class       volVectorField;
    location    "0.0014";
    object      wallShearStress;
}
// * * * * * * * * * * * * * * * * * * * * * * * * * * * * * * * * * * * * * //

dimensions      [1 -1 -2 0 0 0 0];

internalField   uniform (0 0 0);

boundaryField
{
    inlet
    {
        type            calculated;
        value           uniform (0 0 0);
    }
    outlet
    {
        type            calculated;
        value           uniform (0 0 0);
    }
    bottom
    {
        type            calculated;
        value           nonuniform List<vector> 
196
(
(-216.032 0 -4.77582)
(-222.462 0 0.68238)
(-207.15 0 5.24968)
(-176.796 0 4.01913)
(-140.516 0 0.213058)
(-119.201 0 -2.33219)
(-109.796 -1.31108e-21 -2.62562)
(-101.184 -1.15439e-21 -2.9065)
(-96.5414 9.25598e-22 -2.93485)
(-94.3011 9.5443e-22 -2.7475)
(-93.7034 -1.00293e-22 -2.55755)
(-94.9124 -5.14119e-22 -2.44098)
(-95.79 -4.40184e-23 -2.29676)
(-97.3907 5.04768e-22 -2.18144)
(-99.0745 -2.53777e-23 -2.09021)
(-100.02 -1.65994e-22 -1.97327)
(-100.972 -1.13303e-22 -1.85145)
(-100.444 -4.86271e-22 -1.71185)
(-100.916 -1.35762e-22 -1.59508)
(-101.313 -3.85983e-23 -1.48866)
(-101.627 3.02305e-22 -1.38738)
(-101.859 -3.50632e-22 -1.29739)
(-101.742 3.5811e-23 -1.22444)
(-102.124 5.92019e-22 -1.15425)
(-101.284 -3.70696e-22 -1.07301)
(-101.049 -6.71951e-22 -1.00824)
(-100.826 -7.96377e-22 -0.950038)
(-100.627 1.35548e-22 -0.897174)
(-100.404 -3.75837e-22 -0.856236)
(-100.232 3.7532e-22 -0.823586)
(-100.069 8.94031e-22 -0.796242)
(-99.912 -7.93235e-22 -0.77495)
(-99.7509 8.78317e-23 -0.762402)
(-99.6377 -2.93607e-22 -0.754808)
(-99.5279 3.91401e-22 -0.748478)
(-99.4016 -2.70793e-23 -0.750541)
(-99.3447 -3.74756e-22 -0.755349)
(-99.5005 4.53435e-22 -0.736815)
(-99.6903 -6.65604e-22 -0.728339)
(-99.9062 -7.29196e-23 -0.720584)
(-100.076 4.40474e-22 -0.712949)
(-100.268 -6.04394e-24 -0.703236)
(-100.417 -4.71912e-22 -0.699042)
(-100.633 7.5488e-22 -0.68732)
(-100.79 -3.40484e-22 -0.67344)
(-100.962 -1.52478e-22 -0.66911)
(-101.104 5.46965e-23 -0.667033)
(-101.36 1.76025e-22 -0.660555)
(-101.619 2.19805e-22 -0.645932)
(-101.862 5.14767e-23 -0.614711)
(-101.394 -4.31469e-22 -0.568725)
(-99.8542 4.65689e-22 -0.436853)
(-95.9064 -5.22164e-23 -0.292356)
(-89.4692 -2.49285e-22 -0.263814)
(-83.9951 4.67998e-22 -0.331443)
(-80.7533 3.09044e-22 -0.386186)
(-78.8113 -4.09086e-22 -0.386838)
(-77.6882 3.60341e-22 -0.370965)
(-76.9922 1.11766e-22 -0.357945)
(-76.525 3.55872e-22 -0.348702)
(-76.1774 1.96853e-22 -0.341755)
(-75.9081 -3.73347e-22 -0.336566)
(-75.6822 3.14696e-22 -0.332023)
(-75.4974 -1.05952e-22 -0.327495)
(-75.3346 -1.17782e-22 -0.323356)
(-75.2009 1.17327e-22 -0.319136)
(-75.0835 -6.53369e-23 -0.315296)
(-74.9896 5.66328e-23 -0.311361)
(-74.9049 -2.84146e-22 -0.30799)
(-74.8365 -1.10783e-22 -0.304409)
(-74.7735 -3.71925e-22 -0.301209)
(-74.7239 2.02881e-24 -0.29772)
(-74.6774 2.39715e-22 -0.294831)
(-74.6403 -7.88387e-23 -0.291537)
(-74.6012 -1.61419e-22 -0.289494)
(-74.5383 -8.14223e-24 -0.287442)
(-74.4484 2.64724e-22 -0.2849)
(-74.3633 -2.83188e-22 -0.28126)
(-74.2703 -5.2799e-23 -0.278132)
(-74.1889 -9.9864e-23 -0.274494)
(-74.1013 -6.91256e-23 -0.271543)
(-74.0287 -5.04221e-23 -0.267998)
(-73.9506 4.36397e-23 -0.265219)
(-73.8863 -9.61001e-23 -0.261729)
(-73.8136 3.05131e-23 -0.259077)
(-73.7525 1.64283e-22 -0.255666)
(-73.6827 -1.29642e-22 -0.25314)
(-73.6235 1.19082e-22 -0.249892)
(-73.5565 -8.31704e-23 -0.247474)
(-73.5022 -4.33173e-23 -0.244325)
(-73.4411 1.32677e-22 -0.242016)
(-73.3912 -8.75317e-24 -0.238843)
(-73.3348 -2.16009e-23 -0.236399)
(-73.2875 -1.41648e-22 -0.233151)
(-73.2336 1.83204e-22 -0.230756)
(-73.1867 1.3335e-24 -0.227655)
(-73.1342 -1.13782e-23 -0.225466)
(-73.0873 4.98426e-23 -0.222524)
(-73.0374 -2.57692e-24 -0.220438)
(-72.9934 -8.39818e-23 -0.21763)
(-72.9504 -3.37042e-23 -0.215485)
(-72.9114 -8.43386e-23 -0.212722)
(-72.8727 5.46616e-23 -0.210513)
(-72.8349 1.25499e-22 -0.207674)
(-72.7983 -2.63471e-23 -0.205467)
(-72.7601 -9.27214e-23 -0.20276)
(-72.7254 -1.41162e-22 -0.200759)
(-72.6871 1.93737e-23 -0.198181)
(-72.6558 -1.58671e-22 -0.196246)
(-72.6172 1.92065e-23 -0.193747)
(-72.5932 -6.13302e-23 -0.191706)
(-72.5545 2.82305e-23 -0.189318)
(-72.5381 -1.41225e-23 -0.187362)
(-72.496 2.06694e-23 -0.184935)
(-72.4811 4.18121e-23 -0.185674)
(-72.3043 -2.03692e-22 -0.187243)
(-71.8388 0 -0.231039)
(-68.6508 0 -0.472893)
(-52.7736 0 -1.10707)
(-20.9048 0 0.168707)
(-2.126 0 -0.078709)
(11.2664 0 -0.417927)
(20.2529 0 -0.228399)
(25.5624 0 0.0366932)
(24.5967 0 0.576071)
(33.3586 0 0.775838)
(43.5567 0 0.540994)
(43.2318 0 0.551107)
(34.5387 0 0.958271)
(19.2136 0 1.42542)
(1.23696 0 1.21114)
(-11.475 0 0.886674)
(-30.9775 0 1.37601)
(-55.0671 0 1.50423)
(-81.7556 0 1.78456)
(-109.452 0 1.31125)
(-133.216 0 0.797235)
(-158.481 0 1.28707)
(-179.084 0 1.19231)
(-198.402 0 1.14833)
(-218.504 0 1.02369)
(-238.185 0 0.744817)
(-252.821 0 0.334716)
(-263.904 0 0.0878587)
(-274.603 0 0.0559467)
(-283.821 0 -0.151559)
(-290.757 0 -0.354939)
(-296.477 0 -0.483262)
(-301.838 0 -0.554316)
(-306.899 0 -0.63397)
(-310.447 0 -0.747695)
(-312.881 0 -0.81826)
(-314.84 0 -0.854228)
(-316.592 0 -0.870456)
(-318.166 0 -0.89334)
(-319.393 0 -0.950486)
(-319.889 0 -0.996817)
(-320.097 0 -1.01378)
(-320.297 0 -1.00604)
(-320.156 0 -0.992097)
(-320.153 0 -0.999413)
(-319.544 0 -1.01472)
(-318.787 0 -1.02861)
(-318.054 0 -1.03035)
(-317.402 0 -1.02348)
(-316.751 0 -1.01134)
(-316.028 0 -1.02061)
(-315.134 0 -1.0225)
(-314.178 0 -1.01754)
(-313.389 0 -1.00481)
(-312.69 0 -0.989236)
(-312.075 0 -0.980753)
(-311.684 0 -0.974359)
(-310.966 0 -0.985937)
(-309.93 0 -0.998174)
(-309.008 0 -1.00559)
(-307.918 0 -0.999647)
(-306.964 0 -0.981253)
(-306.362 0 -0.966901)
(-305.722 0 -0.959736)
(-305.006 0 -0.960098)
(-303.938 0 -0.97414)
(-302.177 0 -1.00651)
(-299.323 0 -1.04976)
(-295.276 0 -1.08494)
(-290.382 0 -1.0963)
(-285.203 0 -1.08306)
(-280.159 0 -1.05827)
(-275.388 0 -1.03801)
(-270.744 0 -1.02616)
(-265.864 0 -1.02917)
(-260.36 0 -1.04374)
(-253.731 0 -1.07014)
(-245.986 0 -1.0878)
(-237.32 0 -1.09279)
(-224.098 0 -1.05115)
)
;
    }
    top
    {
        type            calculated;
        value           nonuniform List<vector> 
190
(
(-371.238 -3.67653e-19 57.3693)
(-408.952 1.04724e-18 60.8023)
(-384.044 1.51507e-19 61.455)
(-337.924 1.69349e-18 59.59)
(-284.308 -2.69614e-19 49.4003)
(-235.736 -3.74585e-19 44.949)
(-202.974 5.43926e-19 39.4877)
(-182.125 -4.04906e-19 34.6823)
(-169.171 -1.20355e-18 32.0508)
(-161.385 3.56946e-19 30.7543)
(-157.355 5.49543e-19 30.3151)
(-155.421 -4.50875e-19 30.3)
(-155.187 3.70229e-19 30.4969)
(-156.155 2.44407e-19 30.6512)
(-158.623 -7.30919e-19 30.8991)
(-161.047 -2.21383e-19 31.145)
(-162.871 -8.08594e-19 31.3119)
(-163.867 7.80185e-19 31.4103)
(-164.446 8.00312e-19 31.4932)
(-164.874 -1.77296e-19 31.5376)
(-165.516 9.08106e-20 31.5911)
(-166.388 4.70325e-19 31.6841)
(-167.191 -1.62184e-19 31.7778)
(-167.589 -7.02194e-19 31.7967)
(-167.607 -3.59045e-19 31.7434)
(-167.331 -6.4943e-20 31.6151)
(-166.888 4.05434e-19 31.4485)
(-166.396 -5.08047e-19 31.2848)
(-165.939 6.95774e-19 31.1419)
(-165.515 -1.40389e-19 31.0138)
(-165.089 -4.10544e-19 30.8866)
(-164.678 -1.53741e-19 30.761)
(-164.331 -3.46952e-19 30.644)
(-164.014 3.78551e-20 30.5329)
(-163.671 -5.95786e-21 30.4188)
(-163.277 -1.72683e-19 30.3012)
(-162.848 1.45178e-19 30.1786)
(-162.441 -5.09478e-19 30.0556)
(-162.112 -3.60892e-20 29.9426)
(-161.844 3.33708e-19 29.8423)
(-161.57 -1.15089e-19 29.7447)
(-161.241 -2.44561e-19 29.6434)
(-160.853 2.18214e-19 29.5374)
(-160.376 -1.39232e-19 29.4193)
(-159.866 -3.92875e-19 29.2964)
(-159.415 3.48834e-19 29.1861)
(-159.008 5.05489e-19 29.0854)
(-158.573 -4.84409e-19 28.9826)
(-158.067 -1.07854e-19 28.8708)
(-157.492 2.04639e-19 28.7502)
(-156.905 -3.5891e-19 28.6286)
(-156.381 -1.38482e-19 28.5172)
(-155.956 -2.65683e-19 28.4225)
(-155.63 1.09945e-19 28.3455)
(-155.386 -6.0855e-21 28.2838)
(-155.198 2.27367e-20 28.2341)
(-155.043 -2.02254e-19 28.1916)
(-154.876 2.49531e-19 28.1474)
(-154.652 4.39447e-19 28.0938)
(-154.36 2.59198e-19 28.0284)
(-154.031 -3.62478e-19 27.9556)
(-153.707 -4.98738e-19 27.8834)
(-153.428 -2.7473e-19 27.8193)
(-153.203 1.58646e-19 27.7647)
(-153.033 -5.11672e-20 27.7207)
(-152.894 1.45503e-20 27.6836)
(-152.748 2.36431e-19 27.6463)
(-152.553 2.92428e-20 27.5998)
(-152.3 3.60419e-19 27.5466)
(-151.99 4.76685e-20 27.4854)
(-151.64 -1.51221e-19 27.4189)
(-151.274 1.50522e-19 27.3512)
(-150.921 2.13405e-19 27.2865)
(-150.609 1.78246e-19 27.2288)
(-150.374 3.84717e-20 27.1853)
(-150.164 5.09176e-20 27.1533)
(-150.211 1.41164e-20 27.1775)
(-150.853 3.26994e-20 27.3005)
(-152.96 3.27807e-19 27.6902)
(-153.5 -1.56093e-19 27.7844)
(-151.776 2.0195e-19 27.4732)
(-152.958 -4.74844e-20 27.6803)
(-153.716 -1.64965e-19 27.8041)
(-157.729 9.24842e-20 28.528)
(-153.117 3.11855e-19 27.6973)
(-156.689 -3.4113e-19 28.336)
(-156.411 -3.35828e-19 28.2875)
(-155.147 1.63191e-19 28.054)
(-155.458 8.35425e-20 28.1066)
(-160.447 2.15217e-19 29.0054)
(-155.418 8.34513e-20 28.0879)
(-160.599 -3.03991e-19 29.0206)
(-158.802 -1.55317e-19 28.697)
(-161.952 1.46259e-19 29.2573)
(-160.562 4.65896e-20 29.0059)
(-158.476 -3.5941e-20 28.6316)
(-157.781 -2.05239e-19 28.5052)
(-158.17 5.23264e-20 28.579)
(-160.566 -5.24947e-19 29.0049)
(-163.545 -4.20154e-19 29.5434)
(-160.091 -6.66887e-20 28.9265)
(-159.797 -1.6946e-19 28.8691)
(-160.201 3.8142e-21 28.9493)
(-162.356 5.8527e-21 29.3326)
(-161.051 1.3917e-19 29.0986)
(-166.16 -2.05648e-19 30.0216)
(-165.168 2.02459e-19 29.8589)
(-166.989 -8.82127e-21 30.1584)
(-165.583 -1.75965e-19 29.5339)
(-199.237 2.352e-19 38.4606)
(-189.359 0 7.46705)
(-172.308 0 3.5651)
(-157.805 0 2.59577)
(-145.886 0 1.88861)
(-141.95 0 1.34247)
(-139.422 0 1.18364)
(-136.12 0 1.13243)
(-133.266 0 0.618046)
(-127.095 0 0.229679)
(-114.897 0 0.227866)
(-104.294 0 0.49107)
(-97.8613 0 0.544216)
(-93.4262 0 0.505892)
(-90.1556 0 0.460331)
(-87.9716 0 0.411869)
(-86.3264 0 0.373329)
(-84.8266 0 0.34489)
(-83.4352 0 0.319698)
(-82.3135 0 0.290812)
(-81.3696 0 0.263879)
(-80.4795 0 0.245596)
(-79.8307 0 0.243454)
(-79.5255 0 0.236179)
(-79.2504 0 0.229564)
(-78.7858 0 0.224464)
(-78.2703 0 0.219163)
(-77.8953 0 0.216688)
(-77.6311 0 0.213933)
(-77.4995 0 0.208168)
(-77.5644 0 0.198771)
(-77.6837 0 0.181634)
(-77.7299 0 0.160594)
(-77.5729 0 0.13779)
(-77.1123 0 0.130072)
(-76.5279 0 0.157194)
(-76.3217 0 0.191866)
(-76.4279 0 0.1969)
(-76.7379 0 0.190744)
(-77.0885 0 0.174884)
(-77.2417 0 0.139947)
(-77.0713 0 0.102996)
(-76.4151 0 0.08918)
(-75.6469 0 0.129637)
(-75.5249 0 0.168246)
(-75.6902 0 0.166068)
(-75.9876 0 0.16282)
(-76.1946 0 0.146727)
(-76.208 0 0.12694)
(-76.0145 0 0.117517)
(-75.7312 0 0.126358)
(-75.6513 0 0.138412)
(-75.6924 0 0.140682)
(-75.7433 0 0.135809)
(-75.718 0 0.1266)
(-75.5442 0 0.117136)
(-75.2582 0 0.115484)
(-75.0242 0 0.121398)
(-74.9215 0 0.125496)
(-74.8834 0 0.124107)
(-74.8434 0 0.119701)
(-74.7632 0 0.115397)
(-74.6601 0 0.113572)
(-74.5892 0 0.113598)
(-74.5533 0 0.112527)
(-74.5155 0 0.110051)
(-74.444 0 0.107711)
(-74.335 0 0.106878)
(-74.2272 0 0.108156)
(-74.1558 0 0.109856)
(-74.1109 0 0.110402)
(-74.0686 0 0.109414)
(-74.0034 0 0.108072)
(-73.9073 0 0.106113)
(-73.79 0 0.104412)
(-73.6675 0 0.10267)
(-73.5563 0 0.101434)
(-73.4588 0 0.100658)
(-73.3817 0 0.100048)
(-73.331 0 0.098199)
(-73.2074 0 0.0967315)
)
;
    }
    upstream
    {
        type            symmetryPlane;
    }
    defaultFaces
    {
        type            empty;
    }
}


// ************************************************************************* //
